(kicad_pcb (version 20171130) (host pcbnew "(5.0.1)-4")

  (general
    (thickness 1.6)
    (drawings 5)
    (tracks 1476)
    (zones 0)
    (modules 100)
    (nets 139)
  )

  (page A4)
  (layers
    (0 F.Cu signal)
    (31 B.Cu signal)
    (32 B.Adhes user)
    (33 F.Adhes user)
    (34 B.Paste user)
    (35 F.Paste user)
    (36 B.SilkS user)
    (37 F.SilkS user)
    (38 B.Mask user)
    (39 F.Mask user)
    (40 Dwgs.User user)
    (41 Cmts.User user)
    (42 Eco1.User user)
    (43 Eco2.User user)
    (44 Edge.Cuts user)
    (45 Margin user)
    (46 B.CrtYd user)
    (47 F.CrtYd user)
    (48 B.Fab user)
    (49 F.Fab user)
  )

  (setup
    (last_trace_width 0.25)
    (trace_clearance 0.2)
    (zone_clearance 0.508)
    (zone_45_only no)
    (trace_min 0.2)
    (segment_width 0.2)
    (edge_width 0.1)
    (via_size 0.8)
    (via_drill 0.4)
    (via_min_size 0.4)
    (via_min_drill 0.3)
    (uvia_size 0.3)
    (uvia_drill 0.1)
    (uvias_allowed no)
    (uvia_min_size 0.2)
    (uvia_min_drill 0.1)
    (pcb_text_width 0.3)
    (pcb_text_size 1.5 1.5)
    (mod_edge_width 0.15)
    (mod_text_size 1 1)
    (mod_text_width 0.15)
    (pad_size 0.975 1.4)
    (pad_drill 0)
    (pad_to_mask_clearance 0)
    (solder_mask_min_width 0.25)
    (aux_axis_origin 0 0)
    (visible_elements 7FFFFFFF)
    (pcbplotparams
      (layerselection 0x010fc_ffffffff)
      (usegerberextensions false)
      (usegerberattributes false)
      (usegerberadvancedattributes false)
      (creategerberjobfile false)
      (excludeedgelayer true)
      (linewidth 0.100000)
      (plotframeref false)
      (viasonmask false)
      (mode 1)
      (useauxorigin false)
      (hpglpennumber 1)
      (hpglpenspeed 20)
      (hpglpendiameter 15.000000)
      (psnegative false)
      (psa4output false)
      (plotreference true)
      (plotvalue true)
      (plotinvisibletext false)
      (padsonsilk false)
      (subtractmaskfromsilk false)
      (outputformat 1)
      (mirror false)
      (drillshape 0)
      (scaleselection 1)
      (outputdirectory "./"))
  )

  (net 0 "")
  (net 1 VDD)
  (net 2 "Net-(D1-Pad2)")
  (net 3 "Net-(D2-Pad2)")
  (net 4 "Net-(D3-Pad2)")
  (net 5 "Net-(D4-Pad2)")
  (net 6 "Net-(D5-Pad2)")
  (net 7 "Net-(D6-Pad2)")
  (net 8 "Net-(D7-Pad2)")
  (net 9 GNDA)
  (net 10 YM_MOR)
  (net 11 "Net-(C8-Pad2)")
  (net 12 "Net-(C11-Pad1)")
  (net 13 "Net-(R5-Pad1)")
  (net 14 "Net-(C5-Pad2)")
  (net 15 "Net-(C6-Pad2)")
  (net 16 "Net-(R6-Pad1)")
  (net 17 "Net-(C7-Pad2)")
  (net 18 "Net-(C8-Pad1)")
  (net 19 "Net-(C9-Pad2)")
  (net 20 "Net-(C12-Pad1)")
  (net 21 "Net-(C19-Pad1)")
  (net 22 "Net-(C20-Pad1)")
  (net 23 "Net-(R15-Pad1)")
  (net 24 "Net-(R15-Pad2)")
  (net 25 YM_MOL)
  (net 26 SN_OUT)
  (net 27 "Net-(C9-Pad1)")
  (net 28 SPI_MOSI)
  (net 29 SPI_CLK)
  (net 30 YM_CLK_CS)
  (net 31 "Net-(U9-Pad5)")
  (net 32 YM_CLK)
  (net 33 +5V)
  (net 34 SN_CLK)
  (net 35 "Net-(U10-Pad5)")
  (net 36 SN_CLK_CS)
  (net 37 "Net-(U3-Pad1)")
  (net 38 "Net-(C19-Pad2)")
  (net 39 "Net-(C11-Pad2)")
  (net 40 "Net-(C17-Pad1)")
  (net 41 "Net-(U3-Pad8)")
  (net 42 "Net-(U4-Pad8)")
  (net 43 "Net-(C18-Pad1)")
  (net 44 "Net-(C12-Pad2)")
  (net 45 "Net-(C20-Pad2)")
  (net 46 "Net-(U4-Pad1)")
  (net 47 "Net-(U1-Pad1)")
  (net 48 "Net-(U1-Pad2)")
  (net 49 "Net-(U1-Pad3)")
  (net 50 SPI_MISO)
  (net 51 "Net-(U1-Pad4)")
  (net 52 D0)
  (net 53 D1)
  (net 54 TXD)
  (net 55 D2)
  (net 56 RXD)
  (net 57 D3)
  (net 58 D4)
  (net 59 D5)
  (net 60 D6)
  (net 61 D7)
  (net 62 SD_CS)
  (net 63 SN_WR)
  (net 64 "Net-(U1-Pad17)")
  (net 65 "Net-(U1-Pad18)")
  (net 66 GND)
  (net 67 +3V3)
  (net 68 "Net-(U13-Pad6)")
  (net 69 "Net-(U13-Pad5)")
  (net 70 "Net-(U13-Pad4)")
  (net 71 "Net-(U13-Pad2)")
  (net 72 "Net-(U7-Pad10)")
  (net 73 "Net-(U7-Pad13)")
  (net 74 "Net-(U8-Pad9)")
  (net 75 READY)
  (net 76 "Net-(C29-Pad1)")
  (net 77 "Net-(U13-Pad14)")
  (net 78 "Net-(U13-Pad13)")
  (net 79 "Net-(U13-Pad12)")
  (net 80 "Net-(C30-Pad2)")
  (net 81 "Net-(C31-Pad2)")
  (net 82 "Net-(J1-Pad2)")
  (net 83 "Net-(J1-Pad3)")
  (net 84 "Net-(J1-Pad4)")
  (net 85 "Net-(U11-Pad1)")
  (net 86 "Net-(U11-Pad6)")
  (net 87 "Net-(U19-Pad6)")
  (net 88 "Net-(U19-Pad1)")
  (net 89 "Net-(U2-Pad6)")
  (net 90 "Net-(C22-Pad2)")
  (net 91 "Net-(C21-Pad2)")
  (net 92 "Net-(R1-Pad1)")
  (net 93 "Net-(R1-Pad2)")
  (net 94 "Net-(R17-Pad1)")
  (net 95 "Net-(R17-Pad2)")
  (net 96 "Net-(R16-Pad2)")
  (net 97 "Net-(R16-Pad1)")
  (net 98 PWR_HOLD)
  (net 99 "Net-(Q1-Pad1)")
  (net 100 "Net-(Q1-Pad3)")
  (net 101 "Net-(Q2-Pad2)")
  (net 102 BUTTON_SELECT)
  (net 103 BUTTON_PREV)
  (net 104 BUTTON_NEXT)
  (net 105 BUTTON_MODE)
  (net 106 "Net-(D0-Pad2)")
  (net 107 "Net-(J2-Pad10)")
  (net 108 A1)
  (net 109 ~RD)
  (net 110 A0)
  (net 111 ~WR)
  (net 112 ~YM_CS)
  (net 113 ~RESET)
  (net 114 "Net-(J3-Pad3)")
  (net 115 "Net-(J3-Pad5)")
  (net 116 "Net-(J3-Pad6)")
  (net 117 "Net-(J3-Pad7)")
  (net 118 "Net-(J3-Pad8)")
  (net 119 "Net-(J3-Pad9)")
  (net 120 "Net-(J3-Pad10)")
  (net 121 "Net-(J3-Pad11)")
  (net 122 "Net-(J3-Pad12)")
  (net 123 "Net-(J3-Pad13)")
  (net 124 "Net-(J3-Pad14)")
  (net 125 "Net-(J3-Pad15)")
  (net 126 "Net-(J3-Pad16)")
  (net 127 "Net-(J3-Pad18)")
  (net 128 ~LCD_CS)
  (net 129 "Net-(J2-Pad1)")
  (net 130 PWR_USB)
  (net 131 "Net-(U7-Pad16)")
  (net 132 "Net-(U5-Pad6)")
  (net 133 "Net-(J2-Pad5)")
  (net 134 ~SD_CS)
  (net 135 ~VGM_CS)
  (net 136 "Net-(U12-Pad8)")
  (net 137 "Net-(U12-Pad7)")
  (net 138 "Net-(C10-Pad1)")

  (net_class Default "This is the default net class."
    (clearance 0.2)
    (trace_width 0.25)
    (via_dia 0.8)
    (via_drill 0.4)
    (uvia_dia 0.3)
    (uvia_drill 0.1)
    (add_net A0)
    (add_net A1)
    (add_net BUTTON_MODE)
    (add_net BUTTON_NEXT)
    (add_net BUTTON_PREV)
    (add_net BUTTON_SELECT)
    (add_net D0)
    (add_net D1)
    (add_net D2)
    (add_net D3)
    (add_net D4)
    (add_net D5)
    (add_net D6)
    (add_net D7)
    (add_net "Net-(C10-Pad1)")
    (add_net "Net-(C11-Pad1)")
    (add_net "Net-(C11-Pad2)")
    (add_net "Net-(C12-Pad1)")
    (add_net "Net-(C12-Pad2)")
    (add_net "Net-(C17-Pad1)")
    (add_net "Net-(C18-Pad1)")
    (add_net "Net-(C19-Pad1)")
    (add_net "Net-(C19-Pad2)")
    (add_net "Net-(C20-Pad1)")
    (add_net "Net-(C20-Pad2)")
    (add_net "Net-(C21-Pad2)")
    (add_net "Net-(C22-Pad2)")
    (add_net "Net-(C29-Pad1)")
    (add_net "Net-(C30-Pad2)")
    (add_net "Net-(C31-Pad2)")
    (add_net "Net-(C5-Pad2)")
    (add_net "Net-(C6-Pad2)")
    (add_net "Net-(C7-Pad2)")
    (add_net "Net-(C8-Pad1)")
    (add_net "Net-(C8-Pad2)")
    (add_net "Net-(C9-Pad1)")
    (add_net "Net-(C9-Pad2)")
    (add_net "Net-(D0-Pad2)")
    (add_net "Net-(D1-Pad2)")
    (add_net "Net-(D2-Pad2)")
    (add_net "Net-(D3-Pad2)")
    (add_net "Net-(D4-Pad2)")
    (add_net "Net-(D5-Pad2)")
    (add_net "Net-(D6-Pad2)")
    (add_net "Net-(D7-Pad2)")
    (add_net "Net-(J1-Pad2)")
    (add_net "Net-(J1-Pad3)")
    (add_net "Net-(J1-Pad4)")
    (add_net "Net-(J2-Pad1)")
    (add_net "Net-(J2-Pad10)")
    (add_net "Net-(J2-Pad5)")
    (add_net "Net-(J3-Pad10)")
    (add_net "Net-(J3-Pad11)")
    (add_net "Net-(J3-Pad12)")
    (add_net "Net-(J3-Pad13)")
    (add_net "Net-(J3-Pad14)")
    (add_net "Net-(J3-Pad15)")
    (add_net "Net-(J3-Pad16)")
    (add_net "Net-(J3-Pad18)")
    (add_net "Net-(J3-Pad3)")
    (add_net "Net-(J3-Pad5)")
    (add_net "Net-(J3-Pad6)")
    (add_net "Net-(J3-Pad7)")
    (add_net "Net-(J3-Pad8)")
    (add_net "Net-(J3-Pad9)")
    (add_net "Net-(Q1-Pad1)")
    (add_net "Net-(Q1-Pad3)")
    (add_net "Net-(Q2-Pad2)")
    (add_net "Net-(R1-Pad1)")
    (add_net "Net-(R1-Pad2)")
    (add_net "Net-(R15-Pad1)")
    (add_net "Net-(R15-Pad2)")
    (add_net "Net-(R16-Pad1)")
    (add_net "Net-(R16-Pad2)")
    (add_net "Net-(R17-Pad1)")
    (add_net "Net-(R17-Pad2)")
    (add_net "Net-(R5-Pad1)")
    (add_net "Net-(R6-Pad1)")
    (add_net "Net-(U1-Pad1)")
    (add_net "Net-(U1-Pad17)")
    (add_net "Net-(U1-Pad18)")
    (add_net "Net-(U1-Pad2)")
    (add_net "Net-(U1-Pad3)")
    (add_net "Net-(U1-Pad4)")
    (add_net "Net-(U10-Pad5)")
    (add_net "Net-(U11-Pad1)")
    (add_net "Net-(U11-Pad6)")
    (add_net "Net-(U12-Pad7)")
    (add_net "Net-(U12-Pad8)")
    (add_net "Net-(U13-Pad12)")
    (add_net "Net-(U13-Pad13)")
    (add_net "Net-(U13-Pad14)")
    (add_net "Net-(U13-Pad2)")
    (add_net "Net-(U13-Pad4)")
    (add_net "Net-(U13-Pad5)")
    (add_net "Net-(U13-Pad6)")
    (add_net "Net-(U19-Pad1)")
    (add_net "Net-(U19-Pad6)")
    (add_net "Net-(U2-Pad6)")
    (add_net "Net-(U3-Pad1)")
    (add_net "Net-(U3-Pad8)")
    (add_net "Net-(U4-Pad1)")
    (add_net "Net-(U4-Pad8)")
    (add_net "Net-(U5-Pad6)")
    (add_net "Net-(U7-Pad10)")
    (add_net "Net-(U7-Pad13)")
    (add_net "Net-(U7-Pad16)")
    (add_net "Net-(U8-Pad9)")
    (add_net "Net-(U9-Pad5)")
    (add_net PWR_HOLD)
    (add_net READY)
    (add_net RXD)
    (add_net SD_CS)
    (add_net SN_CLK)
    (add_net SN_CLK_CS)
    (add_net SN_OUT)
    (add_net SN_WR)
    (add_net SPI_CLK)
    (add_net SPI_MISO)
    (add_net SPI_MOSI)
    (add_net TXD)
    (add_net YM_CLK)
    (add_net YM_CLK_CS)
    (add_net YM_MOL)
    (add_net YM_MOR)
    (add_net ~LCD_CS)
    (add_net ~RD)
    (add_net ~RESET)
    (add_net ~SD_CS)
    (add_net ~VGM_CS)
    (add_net ~WR)
    (add_net ~YM_CS)
  )

  (net_class POWER ""
    (clearance 0.2)
    (trace_width 0.4)
    (via_dia 0.8)
    (via_drill 0.4)
    (uvia_dia 0.3)
    (uvia_drill 0.1)
    (add_net +3V3)
    (add_net +5V)
    (add_net GND)
    (add_net GNDA)
    (add_net PWR_USB)
    (add_net VDD)
  )

  (module Resistor_SMD:R_0805_2012Metric (layer F.Cu) (tedit 5B36C52B) (tstamp 5C65AB9C)
    (at 75.5165 118.11 180)
    (descr "Resistor SMD 0805 (2012 Metric), square (rectangular) end terminal, IPC_7351 nominal, (Body size source: https://docs.google.com/spreadsheets/d/1BsfQQcO9C6DZCsRaXUlFlo91Tg2WpOkGARC1WS5S8t0/edit?usp=sharing), generated with kicad-footprint-generator")
    (tags resistor)
    (path /5C72805F)
    (attr smd)
    (fp_text reference R30 (at -6.1745 -0.254 180) (layer F.SilkS)
      (effects (font (size 1 1) (thickness 0.15)))
    )
    (fp_text value TBD (at -3.1265 -0.254 180) (layer F.Fab)
      (effects (font (size 1 1) (thickness 0.15)))
    )
    (fp_text user %R (at 0 0 180) (layer F.Fab)
      (effects (font (size 0.5 0.5) (thickness 0.08)))
    )
    (fp_line (start 1.68 0.95) (end -1.68 0.95) (layer F.CrtYd) (width 0.05))
    (fp_line (start 1.68 -0.95) (end 1.68 0.95) (layer F.CrtYd) (width 0.05))
    (fp_line (start -1.68 -0.95) (end 1.68 -0.95) (layer F.CrtYd) (width 0.05))
    (fp_line (start -1.68 0.95) (end -1.68 -0.95) (layer F.CrtYd) (width 0.05))
    (fp_line (start -0.258578 0.71) (end 0.258578 0.71) (layer F.SilkS) (width 0.12))
    (fp_line (start -0.258578 -0.71) (end 0.258578 -0.71) (layer F.SilkS) (width 0.12))
    (fp_line (start 1 0.6) (end -1 0.6) (layer F.Fab) (width 0.1))
    (fp_line (start 1 -0.6) (end 1 0.6) (layer F.Fab) (width 0.1))
    (fp_line (start -1 -0.6) (end 1 -0.6) (layer F.Fab) (width 0.1))
    (fp_line (start -1 0.6) (end -1 -0.6) (layer F.Fab) (width 0.1))
    (pad 2 smd roundrect (at 0.9375 0 180) (size 0.975 1.4) (layers F.Cu F.Paste F.Mask) (roundrect_rratio 0.25)
      (net 138 "Net-(C10-Pad1)"))
    (pad 1 smd roundrect (at -0.9375 0 180) (size 0.975 1.4) (layers F.Cu F.Paste F.Mask) (roundrect_rratio 0.25)
      (net 67 +3V3))
    (model ${KISYS3DMOD}/Resistor_SMD.3dshapes/R_0805_2012Metric.wrl
      (at (xyz 0 0 0))
      (scale (xyz 1 1 1))
      (rotate (xyz 0 0 0))
    )
  )

  (module Resistor_SMD:R_0805_2012Metric (layer F.Cu) (tedit 5B36C52B) (tstamp 5C65ABCC)
    (at 75.5165 116.078 180)
    (descr "Resistor SMD 0805 (2012 Metric), square (rectangular) end terminal, IPC_7351 nominal, (Body size source: https://docs.google.com/spreadsheets/d/1BsfQQcO9C6DZCsRaXUlFlo91Tg2WpOkGARC1WS5S8t0/edit?usp=sharing), generated with kicad-footprint-generator")
    (tags resistor)
    (path /5C728058)
    (attr smd)
    (fp_text reference R29 (at -6.2715 0 180) (layer F.SilkS)
      (effects (font (size 1 1) (thickness 0.15)))
    )
    (fp_text value TBD (at -3.120999 -0.040999 180) (layer F.Fab)
      (effects (font (size 1 1) (thickness 0.15)))
    )
    (fp_line (start -1 0.6) (end -1 -0.6) (layer F.Fab) (width 0.1))
    (fp_line (start -1 -0.6) (end 1 -0.6) (layer F.Fab) (width 0.1))
    (fp_line (start 1 -0.6) (end 1 0.6) (layer F.Fab) (width 0.1))
    (fp_line (start 1 0.6) (end -1 0.6) (layer F.Fab) (width 0.1))
    (fp_line (start -0.258578 -0.71) (end 0.258578 -0.71) (layer F.SilkS) (width 0.12))
    (fp_line (start -0.258578 0.71) (end 0.258578 0.71) (layer F.SilkS) (width 0.12))
    (fp_line (start -1.68 0.95) (end -1.68 -0.95) (layer F.CrtYd) (width 0.05))
    (fp_line (start -1.68 -0.95) (end 1.68 -0.95) (layer F.CrtYd) (width 0.05))
    (fp_line (start 1.68 -0.95) (end 1.68 0.95) (layer F.CrtYd) (width 0.05))
    (fp_line (start 1.68 0.95) (end -1.68 0.95) (layer F.CrtYd) (width 0.05))
    (fp_text user %R (at 0 0 180) (layer F.Fab)
      (effects (font (size 0.5 0.5) (thickness 0.08)))
    )
    (pad 1 smd roundrect (at -0.9375 0 180) (size 0.975 1.4) (layers F.Cu F.Paste F.Mask) (roundrect_rratio 0.25)
      (net 33 +5V))
    (pad 2 smd roundrect (at 0.9375 0 180) (size 0.975 1.4) (layers F.Cu F.Paste F.Mask) (roundrect_rratio 0.25)
      (net 138 "Net-(C10-Pad1)"))
    (model ${KISYS3DMOD}/Resistor_SMD.3dshapes/R_0805_2012Metric.wrl
      (at (xyz 0 0 0))
      (scale (xyz 1 1 1))
      (rotate (xyz 0 0 0))
    )
  )

  (module Capacitor_SMD:C_0805_2012Metric (layer F.Cu) (tedit 5C4B24C6) (tstamp 5C4BA404)
    (at 81.7474 34.0563 90)
    (descr "Capacitor SMD 0805 (2012 Metric), square (rectangular) end terminal, IPC_7351 nominal, (Body size source: https://docs.google.com/spreadsheets/d/1BsfQQcO9C6DZCsRaXUlFlo91Tg2WpOkGARC1WS5S8t0/edit?usp=sharing), generated with kicad-footprint-generator")
    (tags capacitor)
    (path /5C8A3B19)
    (attr smd)
    (fp_text reference C101 (at 0.06604 -1.93548 -90) (layer F.SilkS)
      (effects (font (size 1 1) (thickness 0.15)))
    )
    (fp_text value TBD (at -0.056641 0.046079 90) (layer F.Fab) hide
      (effects (font (size 1 1) (thickness 0.15)))
    )
    (fp_text user %R (at 0 0 90) (layer F.Fab)
      (effects (font (size 0.5 0.5) (thickness 0.08)))
    )
    (fp_line (start 1.68 0.95) (end -1.68 0.95) (layer F.CrtYd) (width 0.05))
    (fp_line (start 1.68 -0.95) (end 1.68 0.95) (layer F.CrtYd) (width 0.05))
    (fp_line (start -1.68 -0.95) (end 1.68 -0.95) (layer F.CrtYd) (width 0.05))
    (fp_line (start -1.68 0.95) (end -1.68 -0.95) (layer F.CrtYd) (width 0.05))
    (fp_line (start -0.258578 0.71) (end 0.258578 0.71) (layer F.SilkS) (width 0.12))
    (fp_line (start -0.258578 -0.71) (end 0.258578 -0.71) (layer F.SilkS) (width 0.12))
    (fp_line (start 1 0.6) (end -1 0.6) (layer F.Fab) (width 0.1))
    (fp_line (start 1 -0.6) (end 1 0.6) (layer F.Fab) (width 0.1))
    (fp_line (start -1 -0.6) (end 1 -0.6) (layer F.Fab) (width 0.1))
    (fp_line (start -1 0.6) (end -1 -0.6) (layer F.Fab) (width 0.1))
    (pad 2 smd roundrect (at 0.9375 0 90) (size 0.975 1.4) (layers F.Cu F.Paste F.Mask) (roundrect_rratio 0.25)
      (net 9 GNDA))
    (pad 1 smd roundrect (at -0.9375 0 90) (size 0.975 1.4) (layers F.Cu F.Paste F.Mask) (roundrect_rratio 0.25)
      (net 10 YM_MOR))
    (model ${KISYS3DMOD}/Capacitor_SMD.3dshapes/C_0805_2012Metric.wrl
      (at (xyz 0 0 0))
      (scale (xyz 1 1 1))
      (rotate (xyz 0 0 0))
    )
  )

  (module Capacitor_SMD:C_0805_2012Metric (layer F.Cu) (tedit 5C4B249F) (tstamp 5C4BB933)
    (at 95.377 34.4881 180)
    (descr "Capacitor SMD 0805 (2012 Metric), square (rectangular) end terminal, IPC_7351 nominal, (Body size source: https://docs.google.com/spreadsheets/d/1BsfQQcO9C6DZCsRaXUlFlo91Tg2WpOkGARC1WS5S8t0/edit?usp=sharing), generated with kicad-footprint-generator")
    (tags capacitor)
    (path /5C8E3ADD)
    (attr smd)
    (fp_text reference C100 (at -0.15748 1.66878) (layer F.SilkS)
      (effects (font (size 1 1) (thickness 0.15)))
    )
    (fp_text value TBD (at 0.03556 0.0254 180) (layer F.Fab) hide
      (effects (font (size 1 1) (thickness 0.15)))
    )
    (fp_line (start -1 0.6) (end -1 -0.6) (layer F.Fab) (width 0.1))
    (fp_line (start -1 -0.6) (end 1 -0.6) (layer F.Fab) (width 0.1))
    (fp_line (start 1 -0.6) (end 1 0.6) (layer F.Fab) (width 0.1))
    (fp_line (start 1 0.6) (end -1 0.6) (layer F.Fab) (width 0.1))
    (fp_line (start -0.258578 -0.71) (end 0.258578 -0.71) (layer F.SilkS) (width 0.12))
    (fp_line (start -0.258578 0.71) (end 0.258578 0.71) (layer F.SilkS) (width 0.12))
    (fp_line (start -1.68 0.95) (end -1.68 -0.95) (layer F.CrtYd) (width 0.05))
    (fp_line (start -1.68 -0.95) (end 1.68 -0.95) (layer F.CrtYd) (width 0.05))
    (fp_line (start 1.68 -0.95) (end 1.68 0.95) (layer F.CrtYd) (width 0.05))
    (fp_line (start 1.68 0.95) (end -1.68 0.95) (layer F.CrtYd) (width 0.05))
    (fp_text user %R (at 0 0 180) (layer F.Fab)
      (effects (font (size 0.5 0.5) (thickness 0.08)))
    )
    (pad 1 smd roundrect (at -0.9375 0 180) (size 0.975 1.4) (layers F.Cu F.Paste F.Mask) (roundrect_rratio 0.25)
      (net 25 YM_MOL))
    (pad 2 smd roundrect (at 0.9375 0 180) (size 0.975 1.4) (layers F.Cu F.Paste F.Mask) (roundrect_rratio 0.25)
      (net 9 GNDA))
    (model ${KISYS3DMOD}/Capacitor_SMD.3dshapes/C_0805_2012Metric.wrl
      (at (xyz 0 0 0))
      (scale (xyz 1 1 1))
      (rotate (xyz 0 0 0))
    )
  )

  (module Resistor_SMD:R_0805_2012Metric (layer F.Cu) (tedit 5C4B24A9) (tstamp 5C4B93E3)
    (at 42.6009 37.4447 180)
    (descr "Resistor SMD 0805 (2012 Metric), square (rectangular) end terminal, IPC_7351 nominal, (Body size source: https://docs.google.com/spreadsheets/d/1BsfQQcO9C6DZCsRaXUlFlo91Tg2WpOkGARC1WS5S8t0/edit?usp=sharing), generated with kicad-footprint-generator")
    (tags resistor)
    (path /5CD4231E)
    (attr smd)
    (fp_text reference R103 (at -0.03048 1.62052 180) (layer F.SilkS)
      (effects (font (size 1 1) (thickness 0.15)))
    )
    (fp_text value TBD (at 0.042519 -0.003281 180) (layer F.Fab) hide
      (effects (font (size 1 1) (thickness 0.15)))
    )
    (fp_text user %R (at 0 0 180) (layer F.Fab)
      (effects (font (size 0.5 0.5) (thickness 0.08)))
    )
    (fp_line (start 1.68 0.95) (end -1.68 0.95) (layer F.CrtYd) (width 0.05))
    (fp_line (start 1.68 -0.95) (end 1.68 0.95) (layer F.CrtYd) (width 0.05))
    (fp_line (start -1.68 -0.95) (end 1.68 -0.95) (layer F.CrtYd) (width 0.05))
    (fp_line (start -1.68 0.95) (end -1.68 -0.95) (layer F.CrtYd) (width 0.05))
    (fp_line (start -0.258578 0.71) (end 0.258578 0.71) (layer F.SilkS) (width 0.12))
    (fp_line (start -0.258578 -0.71) (end 0.258578 -0.71) (layer F.SilkS) (width 0.12))
    (fp_line (start 1 0.6) (end -1 0.6) (layer F.Fab) (width 0.1))
    (fp_line (start 1 -0.6) (end 1 0.6) (layer F.Fab) (width 0.1))
    (fp_line (start -1 -0.6) (end 1 -0.6) (layer F.Fab) (width 0.1))
    (fp_line (start -1 0.6) (end -1 -0.6) (layer F.Fab) (width 0.1))
    (pad 2 smd roundrect (at 0.9375 0 180) (size 0.975 1.4) (layers F.Cu F.Paste F.Mask) (roundrect_rratio 0.25)
      (net 36 SN_CLK_CS))
    (pad 1 smd roundrect (at -0.9375 0 180) (size 0.975 1.4) (layers F.Cu F.Paste F.Mask) (roundrect_rratio 0.25)
      (net 25 YM_MOL))
    (model ${KISYS3DMOD}/Resistor_SMD.3dshapes/R_0805_2012Metric.wrl
      (at (xyz 0 0 0))
      (scale (xyz 1 1 1))
      (rotate (xyz 0 0 0))
    )
  )

  (module Resistor_SMD:R_0805_2012Metric (layer F.Cu) (tedit 5C4B24C0) (tstamp 5C4B9413)
    (at 42.6009 40.9702 180)
    (descr "Resistor SMD 0805 (2012 Metric), square (rectangular) end terminal, IPC_7351 nominal, (Body size source: https://docs.google.com/spreadsheets/d/1BsfQQcO9C6DZCsRaXUlFlo91Tg2WpOkGARC1WS5S8t0/edit?usp=sharing), generated with kicad-footprint-generator")
    (tags resistor)
    (path /5CD85E96)
    (attr smd)
    (fp_text reference R102 (at -0.03048 1.68148 180) (layer F.SilkS)
      (effects (font (size 1 1) (thickness 0.15)))
    )
    (fp_text value TBD (at -0.055321 -0.045361 180) (layer F.Fab) hide
      (effects (font (size 1 1) (thickness 0.15)))
    )
    (fp_line (start -1 0.6) (end -1 -0.6) (layer F.Fab) (width 0.1))
    (fp_line (start -1 -0.6) (end 1 -0.6) (layer F.Fab) (width 0.1))
    (fp_line (start 1 -0.6) (end 1 0.6) (layer F.Fab) (width 0.1))
    (fp_line (start 1 0.6) (end -1 0.6) (layer F.Fab) (width 0.1))
    (fp_line (start -0.258578 -0.71) (end 0.258578 -0.71) (layer F.SilkS) (width 0.12))
    (fp_line (start -0.258578 0.71) (end 0.258578 0.71) (layer F.SilkS) (width 0.12))
    (fp_line (start -1.68 0.95) (end -1.68 -0.95) (layer F.CrtYd) (width 0.05))
    (fp_line (start -1.68 -0.95) (end 1.68 -0.95) (layer F.CrtYd) (width 0.05))
    (fp_line (start 1.68 -0.95) (end 1.68 0.95) (layer F.CrtYd) (width 0.05))
    (fp_line (start 1.68 0.95) (end -1.68 0.95) (layer F.CrtYd) (width 0.05))
    (fp_text user %R (at 0 0 180) (layer F.Fab)
      (effects (font (size 0.5 0.5) (thickness 0.08)))
    )
    (pad 1 smd roundrect (at -0.9375 0 180) (size 0.975 1.4) (layers F.Cu F.Paste F.Mask) (roundrect_rratio 0.25)
      (net 10 YM_MOR))
    (pad 2 smd roundrect (at 0.9375 0 180) (size 0.975 1.4) (layers F.Cu F.Paste F.Mask) (roundrect_rratio 0.25)
      (net 63 SN_WR))
    (model ${KISYS3DMOD}/Resistor_SMD.3dshapes/R_0805_2012Metric.wrl
      (at (xyz 0 0 0))
      (scale (xyz 1 1 1))
      (rotate (xyz 0 0 0))
    )
  )

  (module Resistor_SMD:R_0805_2012Metric (layer F.Cu) (tedit 5C4B24CC) (tstamp 5C4BB963)
    (at 95.2906 38.6105)
    (descr "Resistor SMD 0805 (2012 Metric), square (rectangular) end terminal, IPC_7351 nominal, (Body size source: https://docs.google.com/spreadsheets/d/1BsfQQcO9C6DZCsRaXUlFlo91Tg2WpOkGARC1WS5S8t0/edit?usp=sharing), generated with kicad-footprint-generator")
    (tags resistor)
    (path /5CBF47E5)
    (attr smd)
    (fp_text reference R100 (at -3.7084 -0.09398) (layer F.SilkS)
      (effects (font (size 1 1) (thickness 0.15)))
    )
    (fp_text value TBD (at 0.037439 -0.049721) (layer F.Fab) hide
      (effects (font (size 1 1) (thickness 0.15)))
    )
    (fp_text user %R (at 0 0) (layer F.Fab)
      (effects (font (size 0.5 0.5) (thickness 0.08)))
    )
    (fp_line (start 1.68 0.95) (end -1.68 0.95) (layer F.CrtYd) (width 0.05))
    (fp_line (start 1.68 -0.95) (end 1.68 0.95) (layer F.CrtYd) (width 0.05))
    (fp_line (start -1.68 -0.95) (end 1.68 -0.95) (layer F.CrtYd) (width 0.05))
    (fp_line (start -1.68 0.95) (end -1.68 -0.95) (layer F.CrtYd) (width 0.05))
    (fp_line (start -0.258578 0.71) (end 0.258578 0.71) (layer F.SilkS) (width 0.12))
    (fp_line (start -0.258578 -0.71) (end 0.258578 -0.71) (layer F.SilkS) (width 0.12))
    (fp_line (start 1 0.6) (end -1 0.6) (layer F.Fab) (width 0.1))
    (fp_line (start 1 -0.6) (end 1 0.6) (layer F.Fab) (width 0.1))
    (fp_line (start -1 -0.6) (end 1 -0.6) (layer F.Fab) (width 0.1))
    (fp_line (start -1 0.6) (end -1 -0.6) (layer F.Fab) (width 0.1))
    (pad 2 smd roundrect (at 0.9375 0) (size 0.975 1.4) (layers F.Cu F.Paste F.Mask) (roundrect_rratio 0.25)
      (net 14 "Net-(C5-Pad2)"))
    (pad 1 smd roundrect (at -0.9375 0) (size 0.975 1.4) (layers F.Cu F.Paste F.Mask) (roundrect_rratio 0.25)
      (net 9 GNDA))
    (model ${KISYS3DMOD}/Resistor_SMD.3dshapes/R_0805_2012Metric.wrl
      (at (xyz 0 0 0))
      (scale (xyz 1 1 1))
      (rotate (xyz 0 0 0))
    )
  )

  (module Resistor_SMD:R_0805_2012Metric (layer F.Cu) (tedit 5C4B24D5) (tstamp 5C4B6FE0)
    (at 85.7606 34.0739 270)
    (descr "Resistor SMD 0805 (2012 Metric), square (rectangular) end terminal, IPC_7351 nominal, (Body size source: https://docs.google.com/spreadsheets/d/1BsfQQcO9C6DZCsRaXUlFlo91Tg2WpOkGARC1WS5S8t0/edit?usp=sharing), generated with kicad-footprint-generator")
    (tags resistor)
    (path /5CCBC0E7)
    (attr smd)
    (fp_text reference R101 (at -1.2723 -3.04292) (layer F.SilkS)
      (effects (font (size 1 1) (thickness 0.15)))
    )
    (fp_text value TBD (at 0.052679 0.025759 270) (layer F.Fab) hide
      (effects (font (size 1 1) (thickness 0.15)))
    )
    (fp_line (start -1 0.6) (end -1 -0.6) (layer F.Fab) (width 0.1))
    (fp_line (start -1 -0.6) (end 1 -0.6) (layer F.Fab) (width 0.1))
    (fp_line (start 1 -0.6) (end 1 0.6) (layer F.Fab) (width 0.1))
    (fp_line (start 1 0.6) (end -1 0.6) (layer F.Fab) (width 0.1))
    (fp_line (start -0.258578 -0.71) (end 0.258578 -0.71) (layer F.SilkS) (width 0.12))
    (fp_line (start -0.258578 0.71) (end 0.258578 0.71) (layer F.SilkS) (width 0.12))
    (fp_line (start -1.68 0.95) (end -1.68 -0.95) (layer F.CrtYd) (width 0.05))
    (fp_line (start -1.68 -0.95) (end 1.68 -0.95) (layer F.CrtYd) (width 0.05))
    (fp_line (start 1.68 -0.95) (end 1.68 0.95) (layer F.CrtYd) (width 0.05))
    (fp_line (start 1.68 0.95) (end -1.68 0.95) (layer F.CrtYd) (width 0.05))
    (fp_text user %R (at 0 0 270) (layer F.Fab)
      (effects (font (size 0.5 0.5) (thickness 0.08)))
    )
    (pad 1 smd roundrect (at -0.9375 0 270) (size 0.975 1.4) (layers F.Cu F.Paste F.Mask) (roundrect_rratio 0.25)
      (net 9 GNDA))
    (pad 2 smd roundrect (at 0.9375 0 270) (size 0.975 1.4) (layers F.Cu F.Paste F.Mask) (roundrect_rratio 0.25)
      (net 15 "Net-(C6-Pad2)"))
    (model ${KISYS3DMOD}/Resistor_SMD.3dshapes/R_0805_2012Metric.wrl
      (at (xyz 0 0 0))
      (scale (xyz 1 1 1))
      (rotate (xyz 0 0 0))
    )
  )

  (module Capacitor_THT:CP_Radial_D8.0mm_P3.50mm (layer F.Cu) (tedit 5C4B28CC) (tstamp 5C65A8CB)
    (at 77.724 112.014 90)
    (descr "CP, Radial series, Radial, pin pitch=3.50mm, , diameter=8mm, Electrolytic Capacitor")
    (tags "CP Radial series Radial pin pitch 3.50mm  diameter 8mm Electrolytic Capacitor")
    (path /5D67B6DD)
    (fp_text reference C10 (at 3.6576 -4.89458 90) (layer F.SilkS)
      (effects (font (size 1 1) (thickness 0.15)))
    )
    (fp_text value 1000uF (at 1.73736 2.31394 90) (layer F.Fab) hide
      (effects (font (size 1 1) (thickness 0.15)))
    )
    (fp_circle (center 1.75 0) (end 5.75 0) (layer F.Fab) (width 0.1))
    (fp_circle (center 1.75 0) (end 5.87 0) (layer F.SilkS) (width 0.12))
    (fp_circle (center 1.75 0) (end 6 0) (layer F.CrtYd) (width 0.05))
    (fp_line (start -1.676759 -1.7475) (end -0.876759 -1.7475) (layer F.Fab) (width 0.1))
    (fp_line (start -1.276759 -2.1475) (end -1.276759 -1.3475) (layer F.Fab) (width 0.1))
    (fp_line (start 1.75 -4.08) (end 1.75 4.08) (layer F.SilkS) (width 0.12))
    (fp_line (start 1.79 -4.08) (end 1.79 4.08) (layer F.SilkS) (width 0.12))
    (fp_line (start 1.83 -4.08) (end 1.83 4.08) (layer F.SilkS) (width 0.12))
    (fp_line (start 1.87 -4.079) (end 1.87 4.079) (layer F.SilkS) (width 0.12))
    (fp_line (start 1.91 -4.077) (end 1.91 4.077) (layer F.SilkS) (width 0.12))
    (fp_line (start 1.95 -4.076) (end 1.95 4.076) (layer F.SilkS) (width 0.12))
    (fp_line (start 1.99 -4.074) (end 1.99 4.074) (layer F.SilkS) (width 0.12))
    (fp_line (start 2.03 -4.071) (end 2.03 4.071) (layer F.SilkS) (width 0.12))
    (fp_line (start 2.07 -4.068) (end 2.07 4.068) (layer F.SilkS) (width 0.12))
    (fp_line (start 2.11 -4.065) (end 2.11 4.065) (layer F.SilkS) (width 0.12))
    (fp_line (start 2.15 -4.061) (end 2.15 4.061) (layer F.SilkS) (width 0.12))
    (fp_line (start 2.19 -4.057) (end 2.19 4.057) (layer F.SilkS) (width 0.12))
    (fp_line (start 2.23 -4.052) (end 2.23 4.052) (layer F.SilkS) (width 0.12))
    (fp_line (start 2.27 -4.048) (end 2.27 4.048) (layer F.SilkS) (width 0.12))
    (fp_line (start 2.31 -4.042) (end 2.31 4.042) (layer F.SilkS) (width 0.12))
    (fp_line (start 2.35 -4.037) (end 2.35 4.037) (layer F.SilkS) (width 0.12))
    (fp_line (start 2.39 -4.03) (end 2.39 4.03) (layer F.SilkS) (width 0.12))
    (fp_line (start 2.43 -4.024) (end 2.43 4.024) (layer F.SilkS) (width 0.12))
    (fp_line (start 2.471 -4.017) (end 2.471 -1.04) (layer F.SilkS) (width 0.12))
    (fp_line (start 2.471 1.04) (end 2.471 4.017) (layer F.SilkS) (width 0.12))
    (fp_line (start 2.511 -4.01) (end 2.511 -1.04) (layer F.SilkS) (width 0.12))
    (fp_line (start 2.511 1.04) (end 2.511 4.01) (layer F.SilkS) (width 0.12))
    (fp_line (start 2.551 -4.002) (end 2.551 -1.04) (layer F.SilkS) (width 0.12))
    (fp_line (start 2.551 1.04) (end 2.551 4.002) (layer F.SilkS) (width 0.12))
    (fp_line (start 2.591 -3.994) (end 2.591 -1.04) (layer F.SilkS) (width 0.12))
    (fp_line (start 2.591 1.04) (end 2.591 3.994) (layer F.SilkS) (width 0.12))
    (fp_line (start 2.631 -3.985) (end 2.631 -1.04) (layer F.SilkS) (width 0.12))
    (fp_line (start 2.631 1.04) (end 2.631 3.985) (layer F.SilkS) (width 0.12))
    (fp_line (start 2.671 -3.976) (end 2.671 -1.04) (layer F.SilkS) (width 0.12))
    (fp_line (start 2.671 1.04) (end 2.671 3.976) (layer F.SilkS) (width 0.12))
    (fp_line (start 2.711 -3.967) (end 2.711 -1.04) (layer F.SilkS) (width 0.12))
    (fp_line (start 2.711 1.04) (end 2.711 3.967) (layer F.SilkS) (width 0.12))
    (fp_line (start 2.751 -3.957) (end 2.751 -1.04) (layer F.SilkS) (width 0.12))
    (fp_line (start 2.751 1.04) (end 2.751 3.957) (layer F.SilkS) (width 0.12))
    (fp_line (start 2.791 -3.947) (end 2.791 -1.04) (layer F.SilkS) (width 0.12))
    (fp_line (start 2.791 1.04) (end 2.791 3.947) (layer F.SilkS) (width 0.12))
    (fp_line (start 2.831 -3.936) (end 2.831 -1.04) (layer F.SilkS) (width 0.12))
    (fp_line (start 2.831 1.04) (end 2.831 3.936) (layer F.SilkS) (width 0.12))
    (fp_line (start 2.871 -3.925) (end 2.871 -1.04) (layer F.SilkS) (width 0.12))
    (fp_line (start 2.871 1.04) (end 2.871 3.925) (layer F.SilkS) (width 0.12))
    (fp_line (start 2.911 -3.914) (end 2.911 -1.04) (layer F.SilkS) (width 0.12))
    (fp_line (start 2.911 1.04) (end 2.911 3.914) (layer F.SilkS) (width 0.12))
    (fp_line (start 2.951 -3.902) (end 2.951 -1.04) (layer F.SilkS) (width 0.12))
    (fp_line (start 2.951 1.04) (end 2.951 3.902) (layer F.SilkS) (width 0.12))
    (fp_line (start 2.991 -3.889) (end 2.991 -1.04) (layer F.SilkS) (width 0.12))
    (fp_line (start 2.991 1.04) (end 2.991 3.889) (layer F.SilkS) (width 0.12))
    (fp_line (start 3.031 -3.877) (end 3.031 -1.04) (layer F.SilkS) (width 0.12))
    (fp_line (start 3.031 1.04) (end 3.031 3.877) (layer F.SilkS) (width 0.12))
    (fp_line (start 3.071 -3.863) (end 3.071 -1.04) (layer F.SilkS) (width 0.12))
    (fp_line (start 3.071 1.04) (end 3.071 3.863) (layer F.SilkS) (width 0.12))
    (fp_line (start 3.111 -3.85) (end 3.111 -1.04) (layer F.SilkS) (width 0.12))
    (fp_line (start 3.111 1.04) (end 3.111 3.85) (layer F.SilkS) (width 0.12))
    (fp_line (start 3.151 -3.835) (end 3.151 -1.04) (layer F.SilkS) (width 0.12))
    (fp_line (start 3.151 1.04) (end 3.151 3.835) (layer F.SilkS) (width 0.12))
    (fp_line (start 3.191 -3.821) (end 3.191 -1.04) (layer F.SilkS) (width 0.12))
    (fp_line (start 3.191 1.04) (end 3.191 3.821) (layer F.SilkS) (width 0.12))
    (fp_line (start 3.231 -3.805) (end 3.231 -1.04) (layer F.SilkS) (width 0.12))
    (fp_line (start 3.231 1.04) (end 3.231 3.805) (layer F.SilkS) (width 0.12))
    (fp_line (start 3.271 -3.79) (end 3.271 -1.04) (layer F.SilkS) (width 0.12))
    (fp_line (start 3.271 1.04) (end 3.271 3.79) (layer F.SilkS) (width 0.12))
    (fp_line (start 3.311 -3.774) (end 3.311 -1.04) (layer F.SilkS) (width 0.12))
    (fp_line (start 3.311 1.04) (end 3.311 3.774) (layer F.SilkS) (width 0.12))
    (fp_line (start 3.351 -3.757) (end 3.351 -1.04) (layer F.SilkS) (width 0.12))
    (fp_line (start 3.351 1.04) (end 3.351 3.757) (layer F.SilkS) (width 0.12))
    (fp_line (start 3.391 -3.74) (end 3.391 -1.04) (layer F.SilkS) (width 0.12))
    (fp_line (start 3.391 1.04) (end 3.391 3.74) (layer F.SilkS) (width 0.12))
    (fp_line (start 3.431 -3.722) (end 3.431 -1.04) (layer F.SilkS) (width 0.12))
    (fp_line (start 3.431 1.04) (end 3.431 3.722) (layer F.SilkS) (width 0.12))
    (fp_line (start 3.471 -3.704) (end 3.471 -1.04) (layer F.SilkS) (width 0.12))
    (fp_line (start 3.471 1.04) (end 3.471 3.704) (layer F.SilkS) (width 0.12))
    (fp_line (start 3.511 -3.686) (end 3.511 -1.04) (layer F.SilkS) (width 0.12))
    (fp_line (start 3.511 1.04) (end 3.511 3.686) (layer F.SilkS) (width 0.12))
    (fp_line (start 3.551 -3.666) (end 3.551 -1.04) (layer F.SilkS) (width 0.12))
    (fp_line (start 3.551 1.04) (end 3.551 3.666) (layer F.SilkS) (width 0.12))
    (fp_line (start 3.591 -3.647) (end 3.591 -1.04) (layer F.SilkS) (width 0.12))
    (fp_line (start 3.591 1.04) (end 3.591 3.647) (layer F.SilkS) (width 0.12))
    (fp_line (start 3.631 -3.627) (end 3.631 -1.04) (layer F.SilkS) (width 0.12))
    (fp_line (start 3.631 1.04) (end 3.631 3.627) (layer F.SilkS) (width 0.12))
    (fp_line (start 3.671 -3.606) (end 3.671 -1.04) (layer F.SilkS) (width 0.12))
    (fp_line (start 3.671 1.04) (end 3.671 3.606) (layer F.SilkS) (width 0.12))
    (fp_line (start 3.711 -3.584) (end 3.711 -1.04) (layer F.SilkS) (width 0.12))
    (fp_line (start 3.711 1.04) (end 3.711 3.584) (layer F.SilkS) (width 0.12))
    (fp_line (start 3.751 -3.562) (end 3.751 -1.04) (layer F.SilkS) (width 0.12))
    (fp_line (start 3.751 1.04) (end 3.751 3.562) (layer F.SilkS) (width 0.12))
    (fp_line (start 3.791 -3.54) (end 3.791 -1.04) (layer F.SilkS) (width 0.12))
    (fp_line (start 3.791 1.04) (end 3.791 3.54) (layer F.SilkS) (width 0.12))
    (fp_line (start 3.831 -3.517) (end 3.831 -1.04) (layer F.SilkS) (width 0.12))
    (fp_line (start 3.831 1.04) (end 3.831 3.517) (layer F.SilkS) (width 0.12))
    (fp_line (start 3.871 -3.493) (end 3.871 -1.04) (layer F.SilkS) (width 0.12))
    (fp_line (start 3.871 1.04) (end 3.871 3.493) (layer F.SilkS) (width 0.12))
    (fp_line (start 3.911 -3.469) (end 3.911 -1.04) (layer F.SilkS) (width 0.12))
    (fp_line (start 3.911 1.04) (end 3.911 3.469) (layer F.SilkS) (width 0.12))
    (fp_line (start 3.951 -3.444) (end 3.951 -1.04) (layer F.SilkS) (width 0.12))
    (fp_line (start 3.951 1.04) (end 3.951 3.444) (layer F.SilkS) (width 0.12))
    (fp_line (start 3.991 -3.418) (end 3.991 -1.04) (layer F.SilkS) (width 0.12))
    (fp_line (start 3.991 1.04) (end 3.991 3.418) (layer F.SilkS) (width 0.12))
    (fp_line (start 4.031 -3.392) (end 4.031 -1.04) (layer F.SilkS) (width 0.12))
    (fp_line (start 4.031 1.04) (end 4.031 3.392) (layer F.SilkS) (width 0.12))
    (fp_line (start 4.071 -3.365) (end 4.071 -1.04) (layer F.SilkS) (width 0.12))
    (fp_line (start 4.071 1.04) (end 4.071 3.365) (layer F.SilkS) (width 0.12))
    (fp_line (start 4.111 -3.338) (end 4.111 -1.04) (layer F.SilkS) (width 0.12))
    (fp_line (start 4.111 1.04) (end 4.111 3.338) (layer F.SilkS) (width 0.12))
    (fp_line (start 4.151 -3.309) (end 4.151 -1.04) (layer F.SilkS) (width 0.12))
    (fp_line (start 4.151 1.04) (end 4.151 3.309) (layer F.SilkS) (width 0.12))
    (fp_line (start 4.191 -3.28) (end 4.191 -1.04) (layer F.SilkS) (width 0.12))
    (fp_line (start 4.191 1.04) (end 4.191 3.28) (layer F.SilkS) (width 0.12))
    (fp_line (start 4.231 -3.25) (end 4.231 -1.04) (layer F.SilkS) (width 0.12))
    (fp_line (start 4.231 1.04) (end 4.231 3.25) (layer F.SilkS) (width 0.12))
    (fp_line (start 4.271 -3.22) (end 4.271 -1.04) (layer F.SilkS) (width 0.12))
    (fp_line (start 4.271 1.04) (end 4.271 3.22) (layer F.SilkS) (width 0.12))
    (fp_line (start 4.311 -3.189) (end 4.311 -1.04) (layer F.SilkS) (width 0.12))
    (fp_line (start 4.311 1.04) (end 4.311 3.189) (layer F.SilkS) (width 0.12))
    (fp_line (start 4.351 -3.156) (end 4.351 -1.04) (layer F.SilkS) (width 0.12))
    (fp_line (start 4.351 1.04) (end 4.351 3.156) (layer F.SilkS) (width 0.12))
    (fp_line (start 4.391 -3.124) (end 4.391 -1.04) (layer F.SilkS) (width 0.12))
    (fp_line (start 4.391 1.04) (end 4.391 3.124) (layer F.SilkS) (width 0.12))
    (fp_line (start 4.431 -3.09) (end 4.431 -1.04) (layer F.SilkS) (width 0.12))
    (fp_line (start 4.431 1.04) (end 4.431 3.09) (layer F.SilkS) (width 0.12))
    (fp_line (start 4.471 -3.055) (end 4.471 -1.04) (layer F.SilkS) (width 0.12))
    (fp_line (start 4.471 1.04) (end 4.471 3.055) (layer F.SilkS) (width 0.12))
    (fp_line (start 4.511 -3.019) (end 4.511 -1.04) (layer F.SilkS) (width 0.12))
    (fp_line (start 4.511 1.04) (end 4.511 3.019) (layer F.SilkS) (width 0.12))
    (fp_line (start 4.551 -2.983) (end 4.551 2.983) (layer F.SilkS) (width 0.12))
    (fp_line (start 4.591 -2.945) (end 4.591 2.945) (layer F.SilkS) (width 0.12))
    (fp_line (start 4.631 -2.907) (end 4.631 2.907) (layer F.SilkS) (width 0.12))
    (fp_line (start 4.671 -2.867) (end 4.671 2.867) (layer F.SilkS) (width 0.12))
    (fp_line (start 4.711 -2.826) (end 4.711 2.826) (layer F.SilkS) (width 0.12))
    (fp_line (start 4.751 -2.784) (end 4.751 2.784) (layer F.SilkS) (width 0.12))
    (fp_line (start 4.791 -2.741) (end 4.791 2.741) (layer F.SilkS) (width 0.12))
    (fp_line (start 4.831 -2.697) (end 4.831 2.697) (layer F.SilkS) (width 0.12))
    (fp_line (start 4.871 -2.651) (end 4.871 2.651) (layer F.SilkS) (width 0.12))
    (fp_line (start 4.911 -2.604) (end 4.911 2.604) (layer F.SilkS) (width 0.12))
    (fp_line (start 4.951 -2.556) (end 4.951 2.556) (layer F.SilkS) (width 0.12))
    (fp_line (start 4.991 -2.505) (end 4.991 2.505) (layer F.SilkS) (width 0.12))
    (fp_line (start 5.031 -2.454) (end 5.031 2.454) (layer F.SilkS) (width 0.12))
    (fp_line (start 5.071 -2.4) (end 5.071 2.4) (layer F.SilkS) (width 0.12))
    (fp_line (start 5.111 -2.345) (end 5.111 2.345) (layer F.SilkS) (width 0.12))
    (fp_line (start 5.151 -2.287) (end 5.151 2.287) (layer F.SilkS) (width 0.12))
    (fp_line (start 5.191 -2.228) (end 5.191 2.228) (layer F.SilkS) (width 0.12))
    (fp_line (start 5.231 -2.166) (end 5.231 2.166) (layer F.SilkS) (width 0.12))
    (fp_line (start 5.271 -2.102) (end 5.271 2.102) (layer F.SilkS) (width 0.12))
    (fp_line (start 5.311 -2.034) (end 5.311 2.034) (layer F.SilkS) (width 0.12))
    (fp_line (start 5.351 -1.964) (end 5.351 1.964) (layer F.SilkS) (width 0.12))
    (fp_line (start 5.391 -1.89) (end 5.391 1.89) (layer F.SilkS) (width 0.12))
    (fp_line (start 5.431 -1.813) (end 5.431 1.813) (layer F.SilkS) (width 0.12))
    (fp_line (start 5.471 -1.731) (end 5.471 1.731) (layer F.SilkS) (width 0.12))
    (fp_line (start 5.511 -1.645) (end 5.511 1.645) (layer F.SilkS) (width 0.12))
    (fp_line (start 5.551 -1.552) (end 5.551 1.552) (layer F.SilkS) (width 0.12))
    (fp_line (start 5.591 -1.453) (end 5.591 1.453) (layer F.SilkS) (width 0.12))
    (fp_line (start 5.631 -1.346) (end 5.631 1.346) (layer F.SilkS) (width 0.12))
    (fp_line (start 5.671 -1.229) (end 5.671 1.229) (layer F.SilkS) (width 0.12))
    (fp_line (start 5.711 -1.098) (end 5.711 1.098) (layer F.SilkS) (width 0.12))
    (fp_line (start 5.751 -0.948) (end 5.751 0.948) (layer F.SilkS) (width 0.12))
    (fp_line (start 5.791 -0.768) (end 5.791 0.768) (layer F.SilkS) (width 0.12))
    (fp_line (start 5.831 -0.533) (end 5.831 0.533) (layer F.SilkS) (width 0.12))
    (fp_line (start -2.659698 -2.315) (end -1.859698 -2.315) (layer F.SilkS) (width 0.12))
    (fp_line (start -2.259698 -2.715) (end -2.259698 -1.915) (layer F.SilkS) (width 0.12))
    (fp_text user %R (at 1.75 0 90) (layer F.Fab)
      (effects (font (size 1 1) (thickness 0.15)))
    )
    (pad 1 thru_hole rect (at 0 0 90) (size 1.6 1.6) (drill 0.8) (layers *.Cu *.Mask)
      (net 138 "Net-(C10-Pad1)"))
    (pad 2 thru_hole circle (at 3.5 0 90) (size 1.6 1.6) (drill 0.8) (layers *.Cu *.Mask)
      (net 66 GND))
    (model ${KISYS3DMOD}/Capacitor_THT.3dshapes/CP_Radial_D8.0mm_P3.50mm.wrl
      (at (xyz 0 0 0))
      (scale (xyz 1 1 1))
      (rotate (xyz 0 0 0))
    )
  )

  (module Connector_Audio:VGM_VR_SW (layer F.Cu) (tedit 5C403DBD) (tstamp 5C52A992)
    (at 118.013 30.7899 270)
    (descr "3M 40-pin zero insertion force socket, though-hole, row spacing 25.4 mm (1000 mils)")
    (tags "THT DIP DIL ZIF 25.4mm 1000mil Socket")
    (path /5D145187)
