(kicad_pcb (version 20171130) (host pcbnew "(5.0.1)-4")

  (general
    (thickness 1.6)
    (drawings 4)
    (tracks 1310)
    (zones 0)
    (modules 92)
    (nets 120)
  )

  (page A4)
  (layers
    (0 F.Cu signal)
    (31 B.Cu signal)
    (32 B.Adhes user)
    (33 F.Adhes user)
    (34 B.Paste user)
    (35 F.Paste user)
    (36 B.SilkS user)
    (37 F.SilkS user)
    (38 B.Mask user)
    (39 F.Mask user)
    (40 Dwgs.User user)
    (41 Cmts.User user)
    (42 Eco1.User user)
    (43 Eco2.User user)
    (44 Edge.Cuts user)
    (45 Margin user)
    (46 B.CrtYd user)
    (47 F.CrtYd user)
    (48 B.Fab user)
    (49 F.Fab user)
  )

  (setup
    (last_trace_width 0.25)
    (trace_clearance 0.2)
    (zone_clearance 0.508)
    (zone_45_only no)
    (trace_min 0.2)
    (segment_width 0.2)
    (edge_width 0.1)
    (via_size 0.8)
    (via_drill 0.4)
    (via_min_size 0.4)
    (via_min_drill 0.3)
    (uvia_size 0.3)
    (uvia_drill 0.1)
    (uvias_allowed no)
    (uvia_min_size 0.2)
    (uvia_min_drill 0.1)
    (pcb_text_width 0.3)
    (pcb_text_size 1.5 1.5)
    (mod_edge_width 0.15)
    (mod_text_size 1 1)
    (mod_text_width 0.15)
    (pad_size 1.5 1.5)
    (pad_drill 0.6)
    (pad_to_mask_clearance 0)
    (solder_mask_min_width 0.25)
    (aux_axis_origin 0 0)
    (visible_elements 7FFFFFFF)
    (pcbplotparams
      (layerselection 0x010fc_ffffffff)
      (usegerberextensions false)
      (usegerberattributes false)
      (usegerberadvancedattributes false)
      (creategerberjobfile false)
      (excludeedgelayer true)
      (linewidth 0.100000)
      (plotframeref false)
      (viasonmask false)
      (mode 1)
      (useauxorigin false)
      (hpglpennumber 1)
      (hpglpenspeed 20)
      (hpglpendiameter 15.000000)
      (psnegative false)
      (psa4output false)
      (plotreference true)
      (plotvalue true)
      (plotinvisibletext false)
      (padsonsilk false)
      (subtractmaskfromsilk false)
      (outputformat 1)
      (mirror false)
      (drillshape 1)
      (scaleselection 1)
      (outputdirectory ""))
  )

  (net 0 "")
  (net 1 VDD)
  (net 2 "Net-(D1-Pad2)")
  (net 3 "Net-(D2-Pad2)")
  (net 4 "Net-(D3-Pad2)")
  (net 5 "Net-(D4-Pad2)")
  (net 6 "Net-(D5-Pad2)")
  (net 7 "Net-(D6-Pad2)")
  (net 8 "Net-(D7-Pad2)")
  (net 9 GNDA)
  (net 10 YM_MOR)
  (net 11 "Net-(C8-Pad2)")
  (net 12 "Net-(C11-Pad1)")
  (net 13 "Net-(R5-Pad1)")
  (net 14 "Net-(C5-Pad2)")
  (net 15 "Net-(C6-Pad2)")
  (net 16 "Net-(R6-Pad1)")
  (net 17 "Net-(C7-Pad2)")
  (net 18 "Net-(C8-Pad1)")
  (net 19 "Net-(C9-Pad2)")
  (net 20 "Net-(C12-Pad1)")
  (net 21 "Net-(C19-Pad1)")
  (net 22 "Net-(C20-Pad1)")
  (net 23 "Net-(R15-Pad1)")
  (net 24 "Net-(R15-Pad2)")
  (net 25 YM_MOL)
  (net 26 SN_OUT)
  (net 27 "Net-(C9-Pad1)")
  (net 28 SPI_MOSI)
  (net 29 SPI_CLK)
  (net 30 YM_CLK_CS)
  (net 31 "Net-(U9-Pad5)")
  (net 32 YM_CLK)
  (net 33 +5V)
  (net 34 SN_CLK)
  (net 35 "Net-(U10-Pad5)")
  (net 36 SN_CLK_CS)
  (net 37 "Net-(U3-Pad1)")
  (net 38 "Net-(C19-Pad2)")
  (net 39 "Net-(C11-Pad2)")
  (net 40 "Net-(C17-Pad1)")
  (net 41 "Net-(U3-Pad8)")
  (net 42 "Net-(U4-Pad8)")
  (net 43 "Net-(C18-Pad1)")
  (net 44 "Net-(C12-Pad2)")
  (net 45 "Net-(C20-Pad2)")
  (net 46 "Net-(U4-Pad1)")
  (net 47 "Net-(U1-Pad1)")
  (net 48 YM_IC)
  (net 49 "Net-(U1-Pad2)")
  (net 50 "Net-(U1-Pad3)")
  (net 51 SPI_MISO)
  (net 52 "Net-(U1-Pad4)")
  (net 53 D0)
  (net 54 D1)
  (net 55 TXD)
  (net 56 D2)
  (net 57 RXD)
  (net 58 D3)
  (net 59 D4)
  (net 60 D5)
  (net 61 D6)
  (net 62 D7)
  (net 63 YM_CS)
  (net 64 SD_CS)
  (net 65 YM_WR)
  (net 66 I2C_CLK)
  (net 67 YM_A0)
  (net 68 I2C_DAT)
  (net 69 YM_A1)
  (net 70 SN_WR)
  (net 71 "Net-(U1-Pad17)")
  (net 72 "Net-(U1-Pad18)")
  (net 73 GND)
  (net 74 +3V3)
  (net 75 "Net-(U13-Pad6)")
  (net 76 "Net-(U13-Pad5)")
  (net 77 "Net-(U13-Pad4)")
  (net 78 "Net-(U13-Pad2)")
  (net 79 "Net-(U7-Pad10)")
  (net 80 "Net-(U7-Pad13)")
  (net 81 "Net-(U8-Pad9)")
  (net 82 READY)
  (net 83 "Net-(C29-Pad1)")
  (net 84 "Net-(U13-Pad14)")
  (net 85 "Net-(U13-Pad13)")
  (net 86 "Net-(U13-Pad12)")
  (net 87 "Net-(C30-Pad2)")
  (net 88 "Net-(C31-Pad2)")
  (net 89 "Net-(J1-Pad2)")
  (net 90 "Net-(J1-Pad3)")
  (net 91 "Net-(J1-Pad4)")
  (net 92 "Net-(U11-Pad1)")
  (net 93 "Net-(U11-Pad6)")
  (net 94 "Net-(U19-Pad6)")
  (net 95 "Net-(U19-Pad1)")
  (net 96 "Net-(U2-Pad6)")
  (net 97 "Net-(C22-Pad2)")
  (net 98 "Net-(C21-Pad2)")
  (net 99 "Net-(R1-Pad1)")
  (net 100 "Net-(R1-Pad2)")
  (net 101 "Net-(R17-Pad1)")
  (net 102 "Net-(R17-Pad2)")
  (net 103 "Net-(R16-Pad2)")
  (net 104 "Net-(R16-Pad1)")
  (net 105 PWR_HOLD)
  (net 106 "Net-(Q1-Pad1)")
  (net 107 "Net-(Q1-Pad3)")
  (net 108 "Net-(Q2-Pad2)")
  (net 109 "Net-(J1-Pad1)")
  (net 110 BUTTON_SELECT)
  (net 111 BUTTON_PREV)
  (net 112 BUTTON_NEXT)
  (net 113 BUTTON_MODE)
  (net 114 "Net-(D0-Pad2)")
  (net 115 "Net-(J2-Pad8)")
  (net 116 "Net-(J2-Pad9)")
  (net 117 "Net-(J2-Pad10)")
  (net 118 "Net-(J2-Pad11)")
  (net 119 "Net-(J2-Pad12)")

  (net_class Default "This is the default net class."
    (clearance 0.2)
    (trace_width 0.25)
    (via_dia 0.8)
    (via_drill 0.4)
    (uvia_dia 0.3)
    (uvia_drill 0.1)
    (add_net +3V3)
    (add_net +5V)
    (add_net BUTTON_MODE)
    (add_net BUTTON_NEXT)
    (add_net BUTTON_PREV)
    (add_net BUTTON_SELECT)
    (add_net D0)
    (add_net D1)
    (add_net D2)
    (add_net D3)
    (add_net D4)
    (add_net D5)
    (add_net D6)
    (add_net D7)
    (add_net GND)
    (add_net GNDA)
    (add_net I2C_CLK)
    (add_net I2C_DAT)
    (add_net "Net-(C11-Pad1)")
    (add_net "Net-(C11-Pad2)")
    (add_net "Net-(C12-Pad1)")
    (add_net "Net-(C12-Pad2)")
    (add_net "Net-(C17-Pad1)")
    (add_net "Net-(C18-Pad1)")
    (add_net "Net-(C19-Pad1)")
    (add_net "Net-(C19-Pad2)")
    (add_net "Net-(C20-Pad1)")
    (add_net "Net-(C20-Pad2)")
    (add_net "Net-(C21-Pad2)")
    (add_net "Net-(C22-Pad2)")
    (add_net "Net-(C29-Pad1)")
    (add_net "Net-(C30-Pad2)")
    (add_net "Net-(C31-Pad2)")
    (add_net "Net-(C5-Pad2)")
    (add_net "Net-(C6-Pad2)")
    (add_net "Net-(C7-Pad2)")
    (add_net "Net-(C8-Pad1)")
    (add_net "Net-(C8-Pad2)")
    (add_net "Net-(C9-Pad1)")
    (add_net "Net-(C9-Pad2)")
    (add_net "Net-(D0-Pad2)")
    (add_net "Net-(D1-Pad2)")
    (add_net "Net-(D2-Pad2)")
    (add_net "Net-(D3-Pad2)")
    (add_net "Net-(D4-Pad2)")
    (add_net "Net-(D5-Pad2)")
    (add_net "Net-(D6-Pad2)")
    (add_net "Net-(D7-Pad2)")
    (add_net "Net-(J1-Pad1)")
    (add_net "Net-(J1-Pad2)")
    (add_net "Net-(J1-Pad3)")
    (add_net "Net-(J1-Pad4)")
    (add_net "Net-(J2-Pad10)")
    (add_net "Net-(J2-Pad11)")
    (add_net "Net-(J2-Pad12)")
    (add_net "Net-(J2-Pad8)")
    (add_net "Net-(J2-Pad9)")
    (add_net "Net-(Q1-Pad1)")
    (add_net "Net-(Q1-Pad3)")
    (add_net "Net-(Q2-Pad2)")
    (add_net "Net-(R1-Pad1)")
    (add_net "Net-(R1-Pad2)")
    (add_net "Net-(R15-Pad1)")
    (add_net "Net-(R15-Pad2)")
    (add_net "Net-(R16-Pad1)")
    (add_net "Net-(R16-Pad2)")
    (add_net "Net-(R17-Pad1)")
    (add_net "Net-(R17-Pad2)")
    (add_net "Net-(R5-Pad1)")
    (add_net "Net-(R6-Pad1)")
    (add_net "Net-(U1-Pad1)")
    (add_net "Net-(U1-Pad17)")
    (add_net "Net-(U1-Pad18)")
    (add_net "Net-(U1-Pad2)")
    (add_net "Net-(U1-Pad3)")
    (add_net "Net-(U1-Pad4)")
    (add_net "Net-(U10-Pad5)")
    (add_net "Net-(U11-Pad1)")
    (add_net "Net-(U11-Pad6)")
    (add_net "Net-(U13-Pad12)")
    (add_net "Net-(U13-Pad13)")
    (add_net "Net-(U13-Pad14)")
    (add_net "Net-(U13-Pad2)")
    (add_net "Net-(U13-Pad4)")
    (add_net "Net-(U13-Pad5)")
    (add_net "Net-(U13-Pad6)")
    (add_net "Net-(U19-Pad1)")
    (add_net "Net-(U19-Pad6)")
    (add_net "Net-(U2-Pad6)")
    (add_net "Net-(U3-Pad1)")
    (add_net "Net-(U3-Pad8)")
    (add_net "Net-(U4-Pad1)")
    (add_net "Net-(U4-Pad8)")
    (add_net "Net-(U7-Pad10)")
    (add_net "Net-(U7-Pad13)")
    (add_net "Net-(U8-Pad9)")
    (add_net "Net-(U9-Pad5)")
    (add_net PWR_HOLD)
    (add_net READY)
    (add_net RXD)
    (add_net SD_CS)
    (add_net SN_CLK)
    (add_net SN_CLK_CS)
    (add_net SN_OUT)
    (add_net SN_WR)
    (add_net SPI_CLK)
    (add_net SPI_MISO)
    (add_net SPI_MOSI)
    (add_net TXD)
    (add_net VDD)
    (add_net YM_A0)
    (add_net YM_A1)
    (add_net YM_CLK)
    (add_net YM_CLK_CS)
    (add_net YM_CS)
    (add_net YM_IC)
    (add_net YM_MOL)
    (add_net YM_MOR)
    (add_net YM_WR)
  )

  (module Connector_Card:SD_TE_2041021 (layer F.Cu) (tedit 5A668550) (tstamp 5C491EFC)
    (at 33.8328 98.6536 270)
    (descr "SD card connector, top mount, SMT (http://www.te.com/commerce/DocumentDelivery/DDEController?Action=showdoc&DocId=Customer+Drawing%7F2041021%7FB%7Fpdf%7FEnglish%7FENG_CD_2041021_B_C_2041021_B.pdf%7F2041021-4)")
    (tags "sd card")
    (path /5C3FE198)
    (attr smd)
    (fp_text reference J2 (at 0 -13.6 270) (layer F.SilkS)
      (effects (font (size 1 1) (thickness 0.15)))
    )
    (fp_text value SD_Card (at 0 4 270) (layer F.Fab)
      (effects (font (size 1 1) (thickness 0.15)))
    )
    (fp_text user KEEPOUT (at 0 -3.56 270) (layer Cmts.User)
      (effects (font (size 1 1) (thickness 0.15)))
    )
    (fp_text user %R (at 0 2 270) (layer F.Fab)
      (effects (font (size 1 1) (thickness 0.15)))
    )
    (fp_line (start 10.3 -8.075) (end -10.67 -8.075) (layer Dwgs.User) (width 0.1))
    (fp_line (start 10.3 0.875) (end 10.3 -8.075) (layer Dwgs.User) (width 0.1))
    (fp_line (start -10.67 0.875) (end 10.3 0.875) (layer Dwgs.User) (width 0.1))
    (fp_line (start -10.67 -8.075) (end -10.67 0.875) (layer Dwgs.User) (width 0.1))
    (fp_line (start 11.05 -11.575) (end -13.25 -11.575) (layer F.Fab) (width 0.1))
    (fp_line (start 11.05 -6.015) (end 11.05 -11.575) (layer F.Fab) (width 0.1))
    (fp_line (start 13.35 -3.715) (end 11.05 -6.015) (layer F.Fab) (width 0.1))
    (fp_line (start 13.35 13.425) (end 13.35 -3.715) (layer F.Fab) (width 0.1))
    (fp_line (start -13.25 13.425) (end 13.35 13.425) (layer F.Fab) (width 0.1))
    (fp_line (start -13.25 -11.575) (end -13.25 13.425) (layer F.Fab) (width 0.1))
    (fp_line (start 13.47 13.545) (end 13.47 13.125) (layer F.SilkS) (width 0.12))
    (fp_line (start -13.37 13.545) (end 13.47 13.545) (layer F.SilkS) (width 0.12))
    (fp_line (start -13.37 13.125) (end -13.37 13.545) (layer F.SilkS) (width 0.12))
    (fp_line (start -13.37 -8.375) (end -13.37 9.525) (layer F.SilkS) (width 0.12))
    (fp_line (start 13.47 -3.775) (end 13.47 9.525) (layer F.SilkS) (width 0.12))
    (fp_line (start 11.17 -6.075) (end 13.47 -3.775) (layer F.SilkS) (width 0.12))
    (fp_line (start 11.17 -8.375) (end 11.17 -6.075) (layer F.SilkS) (width 0.12))
    (fp_line (start -7.2 -11.695) (end -6.5 -11.695) (layer F.SilkS) (width 0.12))
    (fp_line (start -14.65 -12.98) (end 14.65 -12.98) (layer F.CrtYd) (width 0.05))
    (fp_line (start -14.65 -12.98) (end -14.65 13.68) (layer F.CrtYd) (width 0.05))
    (fp_line (start 14.65 13.68) (end 14.65 -12.98) (layer F.CrtYd) (width 0.05))
    (fp_line (start 14.65 13.68) (end -14.65 13.68) (layer F.CrtYd) (width 0.05))
    (fp_line (start -4.8 -11.695) (end -4 -11.695) (layer F.SilkS) (width 0.12))
    (fp_line (start -2.3 -11.695) (end -1.5 -11.695) (layer F.SilkS) (width 0.12))
    (fp_line (start 10.2 -11.695) (end 10.4 -11.695) (layer F.SilkS) (width 0.12))
    (fp_line (start 0.2 -11.695) (end 1 -11.695) (layer F.SilkS) (width 0.12))
    (fp_line (start 2.8 -11.695) (end 3.5 -11.695) (layer F.SilkS) (width 0.12))
    (fp_line (start 5.2 -11.695) (end 6 -11.695) (layer F.SilkS) (width 0.12))
    (fp_line (start 7.7 -11.695) (end 8.5 -11.695) (layer F.SilkS) (width 0.12))
    (fp_line (start -1.72 -8.075) (end -10.67 0.875) (layer Dwgs.User) (width 0.1))
    (fp_line (start 0.28 -8.075) (end -8.67 0.875) (layer Dwgs.User) (width 0.1))
    (fp_line (start 2.28 -8.075) (end -6.67 0.875) (layer Dwgs.User) (width 0.1))
    (fp_line (start 4.28 -8.075) (end -4.67 0.875) (layer Dwgs.User) (width 0.1))
    (fp_line (start 6.28 -8.075) (end -2.67 0.875) (layer Dwgs.User) (width 0.1))
    (fp_line (start 8.28 -8.075) (end -0.67 0.875) (layer Dwgs.User) (width 0.1))
    (fp_line (start 10.28 -8.075) (end 1.33 0.875) (layer Dwgs.User) (width 0.1))
    (fp_line (start -3.72 -8.075) (end -10.67 -1.125) (layer Dwgs.User) (width 0.1))
    (fp_line (start -5.72 -8.075) (end -10.67 -3.125) (layer Dwgs.User) (width 0.1))
    (fp_line (start -7.72 -8.075) (end -10.67 -5.125) (layer Dwgs.User) (width 0.1))
    (fp_line (start -9.72 -8.075) (end -10.67 -7.125) (layer Dwgs.User) (width 0.1))
    (fp_line (start 10.3 -6.095) (end 3.33 0.875) (layer Dwgs.User) (width 0.1))
    (fp_line (start 10.3 -4.095) (end 5.33 0.875) (layer Dwgs.User) (width 0.1))
    (fp_line (start 10.3 -2.095) (end 7.33 0.875) (layer Dwgs.User) (width 0.1))
    (fp_line (start 10.3 -0.095) (end 9.33 0.875) (layer Dwgs.User) (width 0.1))
    (pad 1 smd rect (at 6.875 -11.975 270) (size 1 1.5) (layers F.Cu F.Paste F.Mask)
      (net 64 SD_CS))
    (pad 2 smd rect (at 4.375 -11.975 270) (size 1 1.5) (layers F.Cu F.Paste F.Mask)
      (net 28 SPI_MOSI))
    (pad 3 smd rect (at 1.875 -11.975 270) (size 1 1.5) (layers F.Cu F.Paste F.Mask)
      (net 73 GND))
    (pad 4 smd rect (at -0.625 -11.975 270) (size 1 1.5) (layers F.Cu F.Paste F.Mask)
      (net 74 +3V3))
    (pad 5 smd rect (at -3.125 -11.975 270) (size 1 1.5) (layers F.Cu F.Paste F.Mask)
      (net 29 SPI_CLK))
    (pad 6 smd rect (at -5.625 -11.975 270) (size 1 1.5) (layers F.Cu F.Paste F.Mask)
      (net 73 GND))
    (pad 7 smd rect (at -8.055 -11.975 270) (size 1 1.5) (layers F.Cu F.Paste F.Mask)
      (net 51 SPI_MISO))
    (pad 8 smd rect (at -9.755 -11.975 270) (size 1 1.5) (layers F.Cu F.Paste F.Mask)
      (net 115 "Net-(J2-Pad8)"))
    (pad 9 smd rect (at 9.375 -11.975 270) (size 1 1.5) (layers F.Cu F.Paste F.Mask)
      (net 116 "Net-(J2-Pad9)"))
    (pad 10 smd rect (at -11.055 -11.975 270) (size 0.7 1.5) (layers F.Cu F.Paste F.Mask)
      (net 117 "Net-(J2-Pad10)"))
    (pad 11 smd rect (at -12.255 -11.975 270) (size 0.7 1.5) (layers F.Cu F.Paste F.Mask)
      (net 118 "Net-(J2-Pad11)"))
    (pad "" np_thru_hole circle (at 9.5 -9.175 270) (size 1.6 1.6) (drill 1.6) (layers *.Cu *.Mask))
    (pad "" np_thru_hole circle (at -11.5 -9.175 270) (size 1.1 1.1) (drill 1.1) (layers *.Cu *.Mask))
    (pad 12 smd rect (at 11.45 -10.175 270) (size 1.5 2.8) (layers F.Cu F.Paste F.Mask)
      (net 119 "Net-(J2-Pad12)"))
    (pad 12 smd rect (at 13.65 11.325 270) (size 1.5 2.8) (layers F.Cu F.Paste F.Mask)
      (net 119 "Net-(J2-Pad12)"))
    (pad 12 smd rect (at -13.65 11.325 270) (size 1.5 2.8) (layers F.Cu F.Paste F.Mask)
      (net 119 "Net-(J2-Pad12)"))
    (pad 12 smd rect (at -13.65 -10.175 270) (size 1.5 2.8) (layers F.Cu F.Paste F.Mask)
      (net 119 "Net-(J2-Pad12)"))
    (model ${KISYS3DMOD}/Connector_Card.3dshapes/SD_TE_2041021.wrl
      (at (xyz 0 0 0))
      (scale (xyz 1 1 1))
      (rotate (xyz 0 0 0))
    )
  )

  (module LED_SMD:LED_0805_2012Metric (layer F.Cu) (tedit 5C3C28B1) (tstamp 5C4CB4B4)
    (at 21.9761 115.501 270)
    (descr "LED SMD 0805 (2012 Metric), square (rectangular) end terminal, IPC_7351 nominal, (Body size source: https://docs.google.com/spreadsheets/d/1BsfQQcO9C6DZCsRaXUlFlo91Tg2WpOkGARC1WS5S8t0/edit?usp=sharing), generated with kicad-footprint-generator")
    (tags diode)
    (path /622207EE)
    (attr smd)
    (fp_text reference D0 (at -0.0072 -17.2923 270) (layer F.SilkS)
      (effects (font (size 1 1) (thickness 0.15)))
    )
    (fp_text value LED (at 0.0635 -0.127 270) (layer F.Fab) hide
      (effects (font (size 1 1) (thickness 0.15)))
    )
    (fp_line (start 1 -0.6) (end -0.7 -0.6) (layer F.Fab) (width 0.1))
    (fp_line (start -0.7 -0.6) (end -1 -0.3) (layer F.Fab) (width 0.1))
    (fp_line (start -1 -0.3) (end -1 0.6) (layer F.Fab) (width 0.1))
    (fp_line (start -1 0.6) (end 1 0.6) (layer F.Fab) (width 0.1))
    (fp_line (start 1 0.6) (end 1 -0.6) (layer F.Fab) (width 0.1))
    (fp_line (start 1 -0.96) (end -1.685 -0.96) (layer F.SilkS) (width 0.12))
    (fp_line (start -1.685 -0.96) (end -1.685 0.96) (layer F.SilkS) (width 0.12))
    (fp_line (start -1.685 0.96) (end 1 0.96) (layer F.SilkS) (width 0.12))
    (fp_line (start -1.68 0.95) (end -1.68 -0.95) (layer F.CrtYd) (width 0.05))
    (fp_line (start -1.68 -0.95) (end 1.68 -0.95) (layer F.CrtYd) (width 0.05))
    (fp_line (start 1.68 -0.95) (end 1.68 0.95) (layer F.CrtYd) (width 0.05))
    (fp_line (start 1.68 0.95) (end -1.68 0.95) (layer F.CrtYd) (width 0.05))
    (fp_text user %R (at 0 0 270) (layer F.Fab)
      (effects (font (size 0.5 0.5) (thickness 0.08)))
    )
    (pad 1 smd roundrect (at -0.9375 0 270) (size 0.975 1.4) (layers F.Cu F.Paste F.Mask) (roundrect_rratio 0.25)
      (net 53 D0))
    (pad 2 smd roundrect (at 0.9375 0 270) (size 0.975 1.4) (layers F.Cu F.Paste F.Mask) (roundrect_rratio 0.25)
      (net 114 "Net-(D0-Pad2)"))
    (model ${KISYS3DMOD}/LED_SMD.3dshapes/LED_0805_2012Metric.wrl
      (at (xyz 0 0 0))
      (scale (xyz 1 1 1))
      (rotate (xyz 0 0 0))
    )
  )

  (module Package_TO_SOT_THT:TO-92 (layer F.Cu) (tedit 5C3C53CB) (tstamp 5C4A263F)
    (at 33.655 26.5938 90)
    (descr "TO-92 leads molded, narrow, drill 0.75mm (see NXP sot054_po.pdf)")
    (tags "to-92 sc-43 sc-43a sot54 PA33 transistor")
    (path /5C79CB14)
    (fp_text reference Q1 (at 3.3528 2.7178 270) (layer F.SilkS)
      (effects (font (size 1 1) (thickness 0.15)))
    )
    (fp_text value 9013 (at 1.016 -0.254 90) (layer F.Fab) hide
      (effects (font (size 1 1) (thickness 0.15)))
    )
    (fp_arc (start 1.27 0) (end 1.27 -2.6) (angle 135) (layer F.SilkS) (width 0.12))
    (fp_arc (start 1.27 0) (end 1.27 -2.48) (angle -135) (layer F.Fab) (width 0.1))
    (fp_arc (start 1.27 0) (end 1.27 -2.6) (angle -135) (layer F.SilkS) (width 0.12))
    (fp_arc (start 1.27 0) (end 1.27 -2.48) (angle 135) (layer F.Fab) (width 0.1))
    (fp_line (start 4 2.01) (end -1.46 2.01) (layer F.CrtYd) (width 0.05))
    (fp_line (start 4 2.01) (end 4 -2.73) (layer F.CrtYd) (width 0.05))
    (fp_line (start -1.46 -2.73) (end -1.46 2.01) (layer F.CrtYd) (width 0.05))
    (fp_line (start -1.46 -2.73) (end 4 -2.73) (layer F.CrtYd) (width 0.05))
    (fp_line (start -0.5 1.75) (end 3 1.75) (layer F.Fab) (width 0.1))
    (fp_line (start -0.53 1.85) (end 3.07 1.85) (layer F.SilkS) (width 0.12))
    (fp_text user "" (at 1.0668 0.1524 180) (layer F.Fab)
      (effects (font (size 1 1) (thickness 0.15)))
    )
    (pad 1 thru_hole rect (at 0 0 180) (size 1.3 1.3) (drill 0.75) (layers *.Cu *.Mask)
      (net 106 "Net-(Q1-Pad1)"))
    (pad 3 thru_hole circle (at 2.54 0 180) (size 1.3 1.3) (drill 0.75) (layers *.Cu *.Mask)
      (net 107 "Net-(Q1-Pad3)"))
    (pad 2 thru_hole circle (at 1.27 -1.27 180) (size 1.3 1.3) (drill 0.75) (layers *.Cu *.Mask)
      (net 73 GND))
    (model ${KISYS3DMOD}/Package_TO_SOT_THT.3dshapes/TO-92.wrl
      (at (xyz 0 0 0))
      (scale (xyz 1 1 1))
      (rotate (xyz 0 0 0))
    )
  )

  (module Package_TO_SOT_THT:TO-92 (layer F.Cu) (tedit 5C3C53CF) (tstamp 5C4DBC78)
    (at 40.6751 28.5868 90)
    (descr "TO-92 leads molded, narrow, drill 0.75mm (see NXP sot054_po.pdf)")
    (tags "to-92 sc-43 sc-43a sot54 PA33 transistor")
    (path /5C4ECB76)
    (fp_text reference Q2 (at 1.815155 -3.489457 90) (layer F.SilkS)
      (effects (font (size 1 1) (thickness 0.15)))
    )
    (fp_text value S8550 (at 1.27 -0.508 90) (layer F.Fab) hide
      (effects (font (size 1 1) (thickness 0.15)))
    )
    (fp_text user "" (at -0.6604 -3.4036 270) (layer F.Fab)
      (effects (font (size 1 1) (thickness 0.15)))
    )
    (fp_line (start -0.53 1.85) (end 3.07 1.85) (layer F.SilkS) (width 0.12))
    (fp_line (start -0.5 1.75) (end 3 1.75) (layer F.Fab) (width 0.1))
    (fp_line (start -1.46 -2.73) (end 4 -2.73) (layer F.CrtYd) (width 0.05))
    (fp_line (start -1.46 -2.73) (end -1.46 2.01) (layer F.CrtYd) (width 0.05))
    (fp_line (start 4 2.01) (end 4 -2.73) (layer F.CrtYd) (width 0.05))
    (fp_line (start 4 2.01) (end -1.46 2.01) (layer F.CrtYd) (width 0.05))
    (fp_arc (start 1.27 0) (end 1.27 -2.48) (angle 135) (layer F.Fab) (width 0.1))
    (fp_arc (start 1.27 0) (end 1.27 -2.6) (angle -135) (layer F.SilkS) (width 0.12))
    (fp_arc (start 1.27 0) (end 1.27 -2.48) (angle -135) (layer F.Fab) (width 0.1))
    (fp_arc (start 1.27 0) (end 1.27 -2.6) (angle 135) (layer F.SilkS) (width 0.12))
    (pad 2 thru_hole circle (at 1.27 -1.27 180) (size 1.3 1.3) (drill 0.75) (layers *.Cu *.Mask)
      (net 108 "Net-(Q2-Pad2)"))
    (pad 3 thru_hole circle (at 2.54 0 180) (size 1.3 1.3) (drill 0.75) (layers *.Cu *.Mask)
      (net 1 VDD))
    (pad 1 thru_hole rect (at 0 0 180) (size 1.3 1.3) (drill 0.75) (layers *.Cu *.Mask)
      (net 109 "Net-(J1-Pad1)"))
    (model ${KISYS3DMOD}/Package_TO_SOT_THT.3dshapes/TO-92.wrl
      (at (xyz 0 0 0))
      (scale (xyz 1 1 1))
      (rotate (xyz 0 0 0))
    )
  )

  (module Resistor_SMD:R_0805_2012Metric (layer F.Cu) (tedit 5B36C52B) (tstamp 5C4A256D)
    (at 77.5716 118.872)
    (descr "Resistor SMD 0805 (2012 Metric), square (rectangular) end terminal, IPC_7351 nominal, (Body size source: https://docs.google.com/spreadsheets/d/1BsfQQcO9C6DZCsRaXUlFlo91Tg2WpOkGARC1WS5S8t0/edit?usp=sharing), generated with kicad-footprint-generator")
    (tags resistor)
    (path /61733348)
    (attr smd)
    (fp_text reference SW1 (at 0 -1.65) (layer F.SilkS)
      (effects (font (size 1 1) (thickness 0.15)))
    )
    (fp_text value Mode (at 0 1.65) (layer F.Fab)
      (effects (font (size 1 1) (thickness 0.15)))
    )
    (fp_line (start -1 0.6) (end -1 -0.6) (layer F.Fab) (width 0.1))
    (fp_line (start -1 -0.6) (end 1 -0.6) (layer F.Fab) (width 0.1))
    (fp_line (start 1 -0.6) (end 1 0.6) (layer F.Fab) (width 0.1))
    (fp_line (start 1 0.6) (end -1 0.6) (layer F.Fab) (width 0.1))
    (fp_line (start -0.258578 -0.71) (end 0.258578 -0.71) (layer F.SilkS) (width 0.12))
    (fp_line (start -0.258578 0.71) (end 0.258578 0.71) (layer F.SilkS) (width 0.12))
    (fp_line (start -1.68 0.95) (end -1.68 -0.95) (layer F.CrtYd) (width 0.05))
    (fp_line (start -1.68 -0.95) (end 1.68 -0.95) (layer F.CrtYd) (width 0.05))
    (fp_line (start 1.68 -0.95) (end 1.68 0.95) (layer F.CrtYd) (width 0.05))
    (fp_line (start 1.68 0.95) (end -1.68 0.95) (layer F.CrtYd) (width 0.05))
    (fp_text user %R (at 0 0) (layer F.Fab)
      (effects (font (size 0.5 0.5) (thickness 0.08)))
    )
    (pad 1 smd roundrect (at -0.9375 0) (size 0.975 1.4) (layers F.Cu F.Paste F.Mask) (roundrect_rratio 0.25)
      (net 113 BUTTON_MODE))
    (pad 2 smd roundrect (at 0.9375 0) (size 0.975 1.4) (layers F.Cu F.Paste F.Mask) (roundrect_rratio 0.25)
      (net 73 GND))
    (model ${KISYS3DMOD}/Resistor_SMD.3dshapes/R_0805_2012Metric.wrl
      (at (xyz 0 0 0))
      (scale (xyz 1 1 1))
      (rotate (xyz 0 0 0))
    )
  )

  (module Resistor_SMD:R_0805_2012Metric (layer F.Cu) (tedit 5B36C52B) (tstamp 5C4A255D)
    (at 87.3098 118.872)
    (descr "Resistor SMD 0805 (2012 Metric), square (rectangular) end terminal, IPC_7351 nominal, (Body size source: https://docs.google.com/spreadsheets/d/1BsfQQcO9C6DZCsRaXUlFlo91Tg2WpOkGARC1WS5S8t0/edit?usp=sharing), generated with kicad-footprint-generator")
    (tags resistor)
    (path /6173380B)
    (attr smd)
    (fp_text reference SW2 (at 0 -1.65) (layer F.SilkS)
      (effects (font (size 1 1) (thickness 0.15)))
    )
    (fp_text value NEXT (at 0 1.65) (layer F.Fab)
      (effects (font (size 1 1) (thickness 0.15)))
    )
    (fp_text user %R (at 0 0) (layer F.Fab)
      (effects (font (size 0.5 0.5) (thickness 0.08)))
    )
    (fp_line (start 1.68 0.95) (end -1.68 0.95) (layer F.CrtYd) (width 0.05))
    (fp_line (start 1.68 -0.95) (end 1.68 0.95) (layer F.CrtYd) (width 0.05))
    (fp_line (start -1.68 -0.95) (end 1.68 -0.95) (layer F.CrtYd) (width 0.05))
    (fp_line (start -1.68 0.95) (end -1.68 -0.95) (layer F.CrtYd) (width 0.05))
    (fp_line (start -0.258578 0.71) (end 0.258578 0.71) (layer F.SilkS) (width 0.12))
    (fp_line (start -0.258578 -0.71) (end 0.258578 -0.71) (layer F.SilkS) (width 0.12))
    (fp_line (start 1 0.6) (end -1 0.6) (layer F.Fab) (width 0.1))
    (fp_line (start 1 -0.6) (end 1 0.6) (layer F.Fab) (width 0.1))
    (fp_line (start -1 -0.6) (end 1 -0.6) (layer F.Fab) (width 0.1))
    (fp_line (start -1 0.6) (end -1 -0.6) (layer F.Fab) (width 0.1))
    (pad 2 smd roundrect (at 0.9375 0) (size 0.975 1.4) (layers F.Cu F.Paste F.Mask) (roundrect_rratio 0.25)
      (net 73 GND))
    (pad 1 smd roundrect (at -0.9375 0) (size 0.975 1.4) (layers F.Cu F.Paste F.Mask) (roundrect_rratio 0.25)
      (net 112 BUTTON_NEXT))
    (model ${KISYS3DMOD}/Resistor_SMD.3dshapes/R_0805_2012Metric.wrl
      (at (xyz 0 0 0))
      (scale (xyz 1 1 1))
      (rotate (xyz 0 0 0))
    )
  )

  (module Resistor_SMD:R_0805_2012Metric (layer F.Cu) (tedit 5B36C52B) (tstamp 5C4D93C8)
    (at 92.1788 118.872)
    (descr "Resistor SMD 0805 (2012 Metric), square (rectangular) end terminal, IPC_7351 nominal, (Body size source: https://docs.google.com/spreadsheets/d/1BsfQQcO9C6DZCsRaXUlFlo91Tg2WpOkGARC1WS5S8t0/edit?usp=sharing), generated with kicad-footprint-generator")
    (tags resistor)
    (path /617B4DFB)
    (attr smd)
    (fp_text reference SW4 (at 0 -1.65) (layer F.SilkS)
      (effects (font (size 1 1) (thickness 0.15)))
    )
    (fp_text value SELECT (at 0 1.65) (layer F.Fab)
      (effects (font (size 1 1) (thickness 0.15)))
    )
    (fp_line (start -1 0.6) (end -1 -0.6) (layer F.Fab) (width 0.1))
    (fp_line (start -1 -0.6) (end 1 -0.6) (layer F.Fab) (width 0.1))
    (fp_line (start 1 -0.6) (end 1 0.6) (layer F.Fab) (width 0.1))
    (fp_line (start 1 0.6) (end -1 0.6) (layer F.Fab) (width 0.1))
    (fp_line (start -0.258578 -0.71) (end 0.258578 -0.71) (layer F.SilkS) (width 0.12))
    (fp_line (start -0.258578 0.71) (end 0.258578 0.71) (layer F.SilkS) (width 0.12))
    (fp_line (start -1.68 0.95) (end -1.68 -0.95) (layer F.CrtYd) (width 0.05))
    (fp_line (start -1.68 -0.95) (end 1.68 -0.95) (layer F.CrtYd) (width 0.05))
    (fp_line (start 1.68 -0.95) (end 1.68 0.95) (layer F.CrtYd) (width 0.05))
    (fp_line (start 1.68 0.95) (end -1.68 0.95) (layer F.CrtYd) (width 0.05))
    (fp_text user %R (at 0 0) (layer F.Fab)
      (effects (font (size 0.5 0.5) (thickness 0.08)))
    )
    (pad 1 smd roundrect (at -0.9375 0) (size 0.975 1.4) (layers F.Cu F.Paste F.Mask) (roundrect_rratio 0.25)
      (net 110 BUTTON_SELECT))
    (pad 2 smd roundrect (at 0.9375 0) (size 0.975 1.4) (layers F.Cu F.Paste F.Mask) (roundrect_rratio 0.25)
      (net 73 GND))
    (model ${KISYS3DMOD}/Resistor_SMD.3dshapes/R_0805_2012Metric.wrl
      (at (xyz 0 0 0))
      (scale (xyz 1 1 1))
      (rotate (xyz 0 0 0))
    )
  )

  (module Resistor_SMD:R_0805_2012Metric (layer F.Cu) (tedit 5C3C52A2) (tstamp 5C4A253D)
    (at 69.1157 118.872)
    (descr "Resistor SMD 0805 (2012 Metric), square (rectangular) end terminal, IPC_7351 nominal, (Body size source: https://docs.google.com/spreadsheets/d/1BsfQQcO9C6DZCsRaXUlFlo91Tg2WpOkGARC1WS5S8t0/edit?usp=sharing), generated with kicad-footprint-generator")
    (tags resistor)
    (path /5CB9A586)
    (attr smd)
    (fp_text reference SW5 (at -0.1524 -1.6256) (layer F.SilkS)
      (effects (font (size 1 1) (thickness 0.15)))
    )
    (fp_text value PWR (at 0 1.65) (layer F.Fab)
      (effects (font (size 1 1) (thickness 0.15)))
    )
    (fp_text user %R (at 0 0) (layer F.Fab)
      (effects (font (size 0.5 0.5) (thickness 0.08)))
    )
    (fp_line (start 1.68 0.95) (end -1.68 0.95) (layer F.CrtYd) (width 0.05))
    (fp_line (start 1.68 -0.95) (end 1.68 0.95) (layer F.CrtYd) (width 0.05))
    (fp_line (start -1.68 -0.95) (end 1.68 -0.95) (layer F.CrtYd) (width 0.05))
    (fp_line (start -1.68 0.95) (end -1.68 -0.95) (layer F.CrtYd) (width 0.05))
    (fp_line (start -0.258578 0.71) (end 0.258578 0.71) (layer F.SilkS) (width 0.12))
    (fp_line (start -0.258578 -0.71) (end 0.258578 -0.71) (layer F.SilkS) (width 0.12))
    (fp_line (start 1 0.6) (end -1 0.6) (layer F.Fab) (width 0.1))
    (fp_line (start 1 -0.6) (end 1 0.6) (layer F.Fab) (width 0.1))
    (fp_line (start -1 -0.6) (end 1 -0.6) (layer F.Fab) (width 0.1))
    (fp_line (start -1 0.6) (end -1 -0.6) (layer F.Fab) (width 0.1))
    (pad 2 smd roundrect (at 0.9375 0) (size 0.975 1.4) (layers F.Cu F.Paste F.Mask) (roundrect_rratio 0.25)
      (net 107 "Net-(Q1-Pad3)"))
    (pad 1 smd roundrect (at -0.9375 0) (size 0.975 1.4) (layers F.Cu F.Paste F.Mask) (roundrect_rratio 0.25)
      (net 73 GND))
    (model ${KISYS3DMOD}/Resistor_SMD.3dshapes/R_0805_2012Metric.wrl
      (at (xyz 0 0 0))
      (scale (xyz 1 1 1))
      (rotate (xyz 0 0 0))
    )
  )

  (module Resistor_SMD:R_0805_2012Metric (layer F.Cu) (tedit 5B36C52B) (tstamp 5C4A244D)
    (at 82.4407 118.872)
    (descr "Resistor SMD 0805 (2012 Metric), square (rectangular) end terminal, IPC_7351 nominal, (Body size source: https://docs.google.com/spreadsheets/d/1BsfQQcO9C6DZCsRaXUlFlo91Tg2WpOkGARC1WS5S8t0/edit?usp=sharing), generated with kicad-footprint-generator")
    (tags resistor)
    (path /6175E922)
    (attr smd)
    (fp_text reference SW3 (at 0 -1.65) (layer F.SilkS)
      (effects (font (size 1 1) (thickness 0.15)))
    )
    (fp_text value PREV (at 0 1.65) (layer F.Fab)
      (effects (font (size 1 1) (thickness 0.15)))
    )
    (fp_line (start -1 0.6) (end -1 -0.6) (layer F.Fab) (width 0.1))
    (fp_line (start -1 -0.6) (end 1 -0.6) (layer F.Fab) (width 0.1))
    (fp_line (start 1 -0.6) (end 1 0.6) (layer F.Fab) (width 0.1))
    (fp_line (start 1 0.6) (end -1 0.6) (layer F.Fab) (width 0.1))
    (fp_line (start -0.258578 -0.71) (end 0.258578 -0.71) (layer F.SilkS) (width 0.12))
    (fp_line (start -0.258578 0.71) (end 0.258578 0.71) (layer F.SilkS) (width 0.12))
    (fp_line (start -1.68 0.95) (end -1.68 -0.95) (layer F.CrtYd) (width 0.05))
    (fp_line (start -1.68 -0.95) (end 1.68 -0.95) (layer F.CrtYd) (width 0.05))
    (fp_line (start 1.68 -0.95) (end 1.68 0.95) (layer F.CrtYd) (width 0.05))
    (fp_line (start 1.68 0.95) (end -1.68 0.95) (layer F.CrtYd) (width 0.05))
    (fp_text user %R (at 0 0) (layer F.Fab)
      (effects (font (size 0.5 0.5) (thickness 0.08)))
    )
    (pad 1 smd roundrect (at -0.9375 0) (size 0.975 1.4) (layers F.Cu F.Paste F.Mask) (roundrect_rratio 0.25)
      (net 111 BUTTON_PREV))
    (pad 2 smd roundrect (at 0.9375 0) (size 0.975 1.4) (layers F.Cu F.Paste F.Mask) (roundrect_rratio 0.25)
      (net 73 GND))
    (model ${KISYS3DMOD}/Resistor_SMD.3dshapes/R_0805_2012Metric.wrl
      (at (xyz 0 0 0))
      (scale (xyz 1 1 1))
      (rotate (xyz 0 0 0))
    )
  )

  (module Resistor_SMD:R_0805_2012Metric (layer F.Cu) (tedit 5C3C29C0) (tstamp 5C3C9AC6)
    (at 25.8114 118.97 270)
    (descr "Resistor SMD 0805 (2012 Metric), square (rectangular) end terminal, IPC_7351 nominal, (Body size source: https://docs.google.com/spreadsheets/d/1BsfQQcO9C6DZCsRaXUlFlo91Tg2WpOkGARC1WS5S8t0/edit?usp=sharing), generated with kicad-footprint-generator")
    (tags resistor)
    (path /5C5CD6E5)
    (attr smd)
    (fp_text reference R23 (at 0.181 -15.997 270) (layer F.SilkS)
      (effects (font (size 1 1) (thickness 0.15)))
    )
    (fp_text value 330 (at 0.0277 0.0508 270) (layer F.Fab) hide
      (effects (font (size 1 1) (thickness 0.15)))
    )
    (fp_text user %R (at 0 0 270) (layer F.Fab)
      (effects (font (size 0.5 0.5) (thickness 0.08)))
    )
    (fp_line (start 1.68 0.95) (end -1.68 0.95) (layer F.CrtYd) (width 0.05))
    (fp_line (start 1.68 -0.95) (end 1.68 0.95) (layer F.CrtYd) (width 0.05))
    (fp_line (start -1.68 -0.95) (end 1.68 -0.95) (layer F.CrtYd) (width 0.05))
    (fp_line (start -1.68 0.95) (end -1.68 -0.95) (layer F.CrtYd) (width 0.05))
    (fp_line (start -0.258578 0.71) (end 0.258578 0.71) (layer F.SilkS) (width 0.12))
    (fp_line (start -0.258578 -0.71) (end 0.258578 -0.71) (layer F.SilkS) (width 0.12))
    (fp_line (start 1 0.6) (end -1 0.6) (layer F.Fab) (width 0.1))
    (fp_line (start 1 -0.6) (end 1 0.6) (layer F.Fab) (width 0.1))
    (fp_line (start -1 -0.6) (end 1 -0.6) (layer F.Fab) (width 0.1))
    (fp_line (start -1 0.6) (end -1 -0.6) (layer F.Fab) (width 0.1))
    (pad 2 smd roundrect (at 0.9375 0 270) (size 0.975 1.4) (layers F.Cu F.Paste F.Mask) (roundrect_rratio 0.25)
      (net 1 VDD))
    (pad 1 smd roundrect (at -0.9375 0 270) (size 0.975 1.4) (layers F.Cu F.Paste F.Mask) (roundrect_rratio 0.25)
      (net 3 "Net-(D2-Pad2)"))
    (model ${KISYS3DMOD}/Resistor_SMD.3dshapes/R_0805_2012Metric.wrl
      (at (xyz 0 0 0))
      (scale (xyz 1 1 1))
      (rotate (xyz 0 0 0))
    )
  )

  (module Resistor_SMD:R_0805_2012Metric (layer F.Cu) (tedit 5C3C29C8) (tstamp 5C3C9AB5)
    (at 23.881 118.97 270)
    (descr "Resistor SMD 0805 (2012 Metric), square (rectangular) end terminal, IPC_7351 nominal, (Body size source: https://docs.google.com/spreadsheets/d/1BsfQQcO9C6DZCsRaXUlFlo91Tg2WpOkGARC1WS5S8t0/edit?usp=sharing), generated with kicad-footprint-generator")
    (tags resistor)
    (path /5C5CD6EC)
    (attr smd)
    (fp_text reference R24 (at 0.181 -16.6828 270) (layer F.SilkS)
      (effects (font (size 1 1) (thickness 0.15)))
    )
    (fp_text value 330 (at 0.1016 0.0508 270) (layer F.Fab) hide
      (effects (font (size 1 1) (thickness 0.15)))
    )
    (fp_line (start -1 0.6) (end -1 -0.6) (layer F.Fab) (width 0.1))
    (fp_line (start -1 -0.6) (end 1 -0.6) (layer F.Fab) (width 0.1))
    (fp_line (start 1 -0.6) (end 1 0.6) (layer F.Fab) (width 0.1))
    (fp_line (start 1 0.6) (end -1 0.6) (layer F.Fab) (width 0.1))
    (fp_line (start -0.258578 -0.71) (end 0.258578 -0.71) (layer F.SilkS) (width 0.12))
    (fp_line (start -0.258578 0.71) (end 0.258578 0.71) (layer F.SilkS) (width 0.12))
    (fp_line (start -1.68 0.95) (end -1.68 -0.95) (layer F.CrtYd) (width 0.05))
    (fp_line (start -1.68 -0.95) (end 1.68 -0.95) (layer F.CrtYd) (width 0.05))
    (fp_line (start 1.68 -0.95) (end 1.68 0.95) (layer F.CrtYd) (width 0.05))
    (fp_line (start 1.68 0.95) (end -1.68 0.95) (layer F.CrtYd) (width 0.05))
    (fp_text user %R (at 0 0 270) (layer F.Fab)
      (effects (font (size 0.5 0.5) (thickness 0.08)))
    )
    (pad 1 smd roundrect (at -0.9375 0 270) (size 0.975 1.4) (layers F.Cu F.Paste F.Mask) (roundrect_rratio 0.25)
      (net 2 "Net-(D1-Pad2)"))
    (pad 2 smd roundrect (at 0.9375 0 270) (size 0.975 1.4) (layers F.Cu F.Paste F.Mask) (roundrect_rratio 0.25)
      (net 1 VDD))
    (model ${KISYS3DMOD}/Resistor_SMD.3dshapes/R_0805_2012Metric.wrl
      (at (xyz 0 0 0))
      (scale (xyz 1 1 1))
      (rotate (xyz 0 0 0))
    )
  )

  (module Resistor_SMD:R_0805_2012Metric (layer F.Cu) (tedit 5C3C29CD) (tstamp 5C493F9D)
    (at 21.9506 118.97 270)
    (descr "Resistor SMD 0805 (2012 Metric), square (rectangular) end terminal, IPC_7351 nominal, (Body size source: https://docs.google.com/spreadsheets/d/1BsfQQcO9C6DZCsRaXUlFlo91Tg2WpOkGARC1WS5S8t0/edit?usp=sharing), generated with kicad-footprint-generator")
    (tags resistor)
    (path /5C5CD6F3)
    (attr smd)
    (fp_text reference R25 (at 0.181 -17.3432 270) (layer F.SilkS)
      (effects (font (size 1 1) (thickness 0.15)))
    )
    (fp_text value 330 (at 0.0739 0 270) (layer F.Fab) hide
      (effects (font (size 1 1) (thickness 0.15)))
    )
    (fp_text user %R (at 0 0 270) (layer F.Fab)
      (effects (font (size 0.5 0.5) (thickness 0.08)))
    )
    (fp_line (start 1.68 0.95) (end -1.68 0.95) (layer F.CrtYd) (width 0.05))
    (fp_line (start 1.68 -0.95) (end 1.68 0.95) (layer F.CrtYd) (width 0.05))
    (fp_line (start -1.68 -0.95) (end 1.68 -0.95) (layer F.CrtYd) (width 0.05))
    (fp_line (start -1.68 0.95) (end -1.68 -0.95) (layer F.CrtYd) (width 0.05))
    (fp_line (start -0.258578 0.71) (end 0.258578 0.71) (layer F.SilkS) (width 0.12))
    (fp_line (start -0.258578 -0.71) (end 0.258578 -0.71) (layer F.SilkS) (width 0.12))
    (fp_line (start 1 0.6) (end -1 0.6) (layer F.Fab) (width 0.1))
    (fp_line (start 1 -0.6) (end 1 0.6) (layer F.Fab) (width 0.1))
    (fp_line (start -1 -0.6) (end 1 -0.6) (layer F.Fab) (width 0.1))
    (fp_line (start -1 0.6) (end -1 -0.6) (layer F.Fab) (width 0.1))
    (pad 2 smd roundrect (at 0.9375 0 270) (size 0.975 1.4) (layers F.Cu F.Paste F.Mask) (roundrect_rratio 0.25)
      (net 1 VDD))
    (pad 1 smd roundrect (at -0.9375 0 270) (size 0.975 1.4) (layers F.Cu F.Paste F.Mask) (roundrect_rratio 0.25)
      (net 114 "Net-(D0-Pad2)"))
    (model ${KISYS3DMOD}/Resistor_SMD.3dshapes/R_0805_2012Metric.wrl
      (at (xyz 0 0 0))
      (scale (xyz 1 1 1))
      (rotate (xyz 0 0 0))
    )
  )

  (module Resistor_SMD:R_0805_2012Metric (layer F.Cu) (tedit 5C3C29B5) (tstamp 5C3C9A93)
    (at 29.6722 118.97 270)
    (descr "Resistor SMD 0805 (2012 Metric), square (rectangular) end terminal, IPC_7351 nominal, (Body size source: https://docs.google.com/spreadsheets/d/1BsfQQcO9C6DZCsRaXUlFlo91Tg2WpOkGARC1WS5S8t0/edit?usp=sharing), generated with kicad-footprint-generator")
    (tags resistor)
    (path /5C59B135)
    (attr smd)
    (fp_text reference R21 (at 0.1556 -14.6254 270) (layer F.SilkS)
      (effects (font (size 1 1) (thickness 0.15)))
    )
    (fp_text value 330 (at 0 0 270) (layer F.Fab) hide
      (effects (font (size 1 1) (thickness 0.15)))
    )
    (fp_line (start -1 0.6) (end -1 -0.6) (layer F.Fab) (width 0.1))
    (fp_line (start -1 -0.6) (end 1 -0.6) (layer F.Fab) (width 0.1))
    (fp_line (start 1 -0.6) (end 1 0.6) (layer F.Fab) (width 0.1))
    (fp_line (start 1 0.6) (end -1 0.6) (layer F.Fab) (width 0.1))
    (fp_line (start -0.258578 -0.71) (end 0.258578 -0.71) (layer F.SilkS) (width 0.12))
    (fp_line (start -0.258578 0.71) (end 0.258578 0.71) (layer F.SilkS) (width 0.12))
    (fp_line (start -1.68 0.95) (end -1.68 -0.95) (layer F.CrtYd) (width 0.05))
    (fp_line (start -1.68 -0.95) (end 1.68 -0.95) (layer F.CrtYd) (width 0.05))
    (fp_line (start 1.68 -0.95) (end 1.68 0.95) (layer F.CrtYd) (width 0.05))
    (fp_line (start 1.68 0.95) (end -1.68 0.95) (layer F.CrtYd) (width 0.05))
    (fp_text user %R (at 0 0 270) (layer F.Fab)
      (effects (font (size 0.5 0.5) (thickness 0.08)))
    )
    (pad 1 smd roundrect (at -0.9375 0 270) (size 0.975 1.4) (layers F.Cu F.Paste F.Mask) (roundrect_rratio 0.25)
      (net 5 "Net-(D4-Pad2)"))
    (pad 2 smd roundrect (at 0.9375 0 270) (size 0.975 1.4) (layers F.Cu F.Paste F.Mask) (roundrect_rratio 0.25)
      (net 1 VDD))
    (model ${KISYS3DMOD}/Resistor_SMD.3dshapes/R_0805_2012Metric.wrl
      (at (xyz 0 0 0))
      (scale (xyz 1 1 1))
      (rotate (xyz 0 0 0))
    )
  )

  (module Resistor_SMD:R_0805_2012Metric (layer F.Cu) (tedit 5C3C1BF2) (tstamp 5C4AE52F)
    (at 43.7739 28.3813 270)
    (descr "Resistor SMD 0805 (2012 Metric), square (rectangular) end terminal, IPC_7351 nominal, (Body size source: https://docs.google.com/spreadsheets/d/1BsfQQcO9C6DZCsRaXUlFlo91Tg2WpOkGARC1WS5S8t0/edit?usp=sharing), generated with kicad-footprint-generator")
    (tags resistor)
    (path /5C4ED6A1)
    (attr smd)
    (fp_text reference R26 (at -0.6835 -1.778 270) (layer F.SilkS)
      (effects (font (size 1 1) (thickness 0.15)))
    )
    (fp_text value 47k (at -0.0785 0 270) (layer F.Fab) hide
      (effects (font (size 1 1) (thickness 0.15)))
    )
    (fp_text user %R (at 0 0 270) (layer F.Fab)
      (effects (font (size 0.5 0.5) (thickness 0.08)))
    )
    (fp_line (start 1.68 0.95) (end -1.68 0.95) (layer F.CrtYd) (width 0.05))
    (fp_line (start 1.68 -0.95) (end 1.68 0.95) (layer F.CrtYd) (width 0.05))
    (fp_line (start -1.68 -0.95) (end 1.68 -0.95) (layer F.CrtYd) (width 0.05))
    (fp_line (start -1.68 0.95) (end -1.68 -0.95) (layer F.CrtYd) (width 0.05))
    (fp_line (start -0.258578 0.71) (end 0.258578 0.71) (layer F.SilkS) (width 0.12))
    (fp_line (start -0.258578 -0.71) (end 0.258578 -0.71) (layer F.SilkS) (width 0.12))
    (fp_line (start 1 0.6) (end -1 0.6) (layer F.Fab) (width 0.1))
    (fp_line (start 1 -0.6) (end 1 0.6) (layer F.Fab) (width 0.1))
