(kicad_pcb (version 20171130) (host pcbnew "(5.0.1)-4")

  (general
    (thickness 1.6)
    (drawings 0)
    (tracks 0)
    (zones 0)
    (modules 75)
    (nets 108)
  )

  (page A4)
  (layers
    (0 F.Cu signal)
    (31 B.Cu signal)
    (32 B.Adhes user)
    (33 F.Adhes user)
    (34 B.Paste user)
    (35 F.Paste user)
    (36 B.SilkS user)
    (37 F.SilkS user)
    (38 B.Mask user)
    (39 F.Mask user)
    (40 Dwgs.User user)
    (41 Cmts.User user)
    (42 Eco1.User user)
    (43 Eco2.User user)
    (44 Edge.Cuts user)
    (45 Margin user)
    (46 B.CrtYd user)
    (47 F.CrtYd user)
    (48 B.Fab user)
    (49 F.Fab user)
  )

  (setup
    (last_trace_width 0.25)
    (trace_clearance 0.2)
    (zone_clearance 0.508)
    (zone_45_only no)
    (trace_min 0.2)
    (segment_width 0.2)
    (edge_width 0.1)
    (via_size 0.8)
    (via_drill 0.4)
    (via_min_size 0.4)
    (via_min_drill 0.3)
    (uvia_size 0.3)
    (uvia_drill 0.1)
    (uvias_allowed no)
    (uvia_min_size 0.2)
    (uvia_min_drill 0.1)
    (pcb_text_width 0.3)
    (pcb_text_size 1.5 1.5)
    (mod_edge_width 0.15)
    (mod_text_size 1 1)
    (mod_text_width 0.15)
    (pad_size 1.5 1.5)
    (pad_drill 0.6)
    (pad_to_mask_clearance 0)
    (aux_axis_origin 0 0)
    (visible_elements FFFFFF7F)
    (pcbplotparams
      (layerselection 0x010fc_ffffffff)
      (usegerberextensions false)
      (usegerberattributes false)
      (usegerberadvancedattributes false)
      (creategerberjobfile false)
      (excludeedgelayer true)
      (linewidth 0.100000)
      (plotframeref false)
      (viasonmask false)
      (mode 1)
      (useauxorigin false)
      (hpglpennumber 1)
      (hpglpenspeed 20)
      (hpglpendiameter 15.000000)
      (psnegative false)
      (psa4output false)
      (plotreference true)
      (plotvalue true)
      (plotinvisibletext false)
      (padsonsilk false)
      (subtractmaskfromsilk false)
      (outputformat 1)
      (mirror false)
      (drillshape 1)
      (scaleselection 1)
      (outputdirectory ""))
  )

  (net 0 "")
  (net 1 VDD)
  (net 2 "Net-(D1-Pad2)")
  (net 3 "Net-(D2-Pad2)")
  (net 4 "Net-(D3-Pad2)")
  (net 5 "Net-(D4-Pad2)")
  (net 6 "Net-(D5-Pad2)")
  (net 7 "Net-(D6-Pad2)")
  (net 8 "Net-(D7-Pad2)")
  (net 9 "Net-(D8-Pad2)")
  (net 10 GNDA)
  (net 11 YM_MOR)
  (net 12 "Net-(C8-Pad2)")
  (net 13 "Net-(C11-Pad1)")
  (net 14 "Net-(R5-Pad1)")
  (net 15 "Net-(C5-Pad2)")
  (net 16 "Net-(C6-Pad2)")
  (net 17 "Net-(R6-Pad1)")
  (net 18 "Net-(C7-Pad2)")
  (net 19 "Net-(C8-Pad1)")
  (net 20 "Net-(C9-Pad2)")
  (net 21 "Net-(C12-Pad1)")
  (net 22 "Net-(C19-Pad1)")
  (net 23 "Net-(C20-Pad1)")
  (net 24 "Net-(R15-Pad1)")
  (net 25 "Net-(R15-Pad2)")
  (net 26 YM_MOL)
  (net 27 SN_OUT)
  (net 28 "Net-(C9-Pad1)")
  (net 29 SPI_MOSI)
  (net 30 SPI_CLK)
  (net 31 YM_CLK_CS)
  (net 32 "Net-(U9-Pad5)")
  (net 33 YM_CLK)
  (net 34 +5V)
  (net 35 SN_CLK)
  (net 36 "Net-(U10-Pad5)")
  (net 37 SN_CLK_CS)
  (net 38 "Net-(U3-Pad1)")
  (net 39 "Net-(C19-Pad2)")
  (net 40 "Net-(C11-Pad2)")
  (net 41 "Net-(C17-Pad1)")
  (net 42 "Net-(U3-Pad8)")
  (net 43 "Net-(U4-Pad8)")
  (net 44 "Net-(C18-Pad1)")
  (net 45 "Net-(C12-Pad2)")
  (net 46 "Net-(C20-Pad2)")
  (net 47 "Net-(U4-Pad1)")
  (net 48 "Net-(U1-Pad1)")
  (net 49 YM_IC)
  (net 50 "Net-(U1-Pad2)")
  (net 51 "Net-(U1-Pad3)")
  (net 52 SPI_MISO)
  (net 53 "Net-(U1-Pad4)")
  (net 54 D0)
  (net 55 Play)
  (net 56 D1)
  (net 57 TXD)
  (net 58 D2)
  (net 59 RXD)
  (net 60 D3)
  (net 61 Prev_Resume)
  (net 62 D4)
  (net 63 Next_Pause)
  (net 64 D5)
  (net 65 Stop)
  (net 66 D6)
  (net 67 "Net-(U1-Pad31)")
  (net 68 D7)
  (net 69 YM_CS)
  (net 70 SD_CS)
  (net 71 YM_WR)
  (net 72 I2C_CLK)
  (net 73 YM_A0)
  (net 74 I2C_DAT)
  (net 75 YM_A1)
  (net 76 SN_WR)
  (net 77 "Net-(U1-Pad17)")
  (net 78 "Net-(U1-Pad18)")
  (net 79 GND)
  (net 80 +3V3)
  (net 81 "Net-(U5-Pad2)")
  (net 82 "Net-(U13-Pad6)")
  (net 83 "Net-(U5-Pad8)")
  (net 84 "Net-(U13-Pad5)")
  (net 85 "Net-(U5-Pad9)")
  (net 86 "Net-(U13-Pad4)")
  (net 87 "Net-(U13-Pad2)")
  (net 88 "Net-(U7-Pad10)")
  (net 89 "Net-(U7-Pad13)")
  (net 90 "Net-(U8-Pad9)")
  (net 91 READY)
  (net 92 "Net-(C29-Pad1)")
  (net 93 "Net-(U13-Pad14)")
  (net 94 "Net-(U13-Pad13)")
  (net 95 "Net-(U13-Pad12)")
  (net 96 "Net-(C30-Pad2)")
  (net 97 "Net-(C31-Pad2)")
  (net 98 "Net-(J1-Pad2)")
  (net 99 "Net-(J1-Pad3)")
  (net 100 "Net-(J1-Pad4)")
  (net 101 "Net-(U11-Pad1)")
  (net 102 "Net-(U11-Pad6)")
  (net 103 "Net-(U19-Pad6)")
  (net 104 "Net-(U19-Pad1)")
  (net 105 "Net-(U2-Pad6)")
  (net 106 "Net-(C22-Pad2)")
  (net 107 "Net-(C21-Pad2)")

  (net_class Default "This is the default net class."
    (clearance 0.2)
    (trace_width 0.25)
    (via_dia 0.8)
    (via_drill 0.4)
    (uvia_dia 0.3)
    (uvia_drill 0.1)
    (add_net +3V3)
    (add_net +5V)
    (add_net D0)
    (add_net D1)
    (add_net D2)
    (add_net D3)
    (add_net D4)
    (add_net D5)
    (add_net D6)
    (add_net D7)
    (add_net GND)
    (add_net GNDA)
    (add_net I2C_CLK)
    (add_net I2C_DAT)
    (add_net "Net-(C11-Pad1)")
    (add_net "Net-(C11-Pad2)")
    (add_net "Net-(C12-Pad1)")
    (add_net "Net-(C12-Pad2)")
    (add_net "Net-(C17-Pad1)")
    (add_net "Net-(C18-Pad1)")
    (add_net "Net-(C19-Pad1)")
    (add_net "Net-(C19-Pad2)")
    (add_net "Net-(C20-Pad1)")
    (add_net "Net-(C20-Pad2)")
    (add_net "Net-(C21-Pad2)")
    (add_net "Net-(C22-Pad2)")
    (add_net "Net-(C29-Pad1)")
    (add_net "Net-(C30-Pad2)")
    (add_net "Net-(C31-Pad2)")
    (add_net "Net-(C5-Pad2)")
    (add_net "Net-(C6-Pad2)")
    (add_net "Net-(C7-Pad2)")
    (add_net "Net-(C8-Pad1)")
    (add_net "Net-(C8-Pad2)")
    (add_net "Net-(C9-Pad1)")
    (add_net "Net-(C9-Pad2)")
    (add_net "Net-(D1-Pad2)")
    (add_net "Net-(D2-Pad2)")
    (add_net "Net-(D3-Pad2)")
    (add_net "Net-(D4-Pad2)")
    (add_net "Net-(D5-Pad2)")
    (add_net "Net-(D6-Pad2)")
    (add_net "Net-(D7-Pad2)")
    (add_net "Net-(D8-Pad2)")
    (add_net "Net-(J1-Pad2)")
    (add_net "Net-(J1-Pad3)")
    (add_net "Net-(J1-Pad4)")
    (add_net "Net-(R15-Pad1)")
    (add_net "Net-(R15-Pad2)")
    (add_net "Net-(R5-Pad1)")
    (add_net "Net-(R6-Pad1)")
    (add_net "Net-(U1-Pad1)")
    (add_net "Net-(U1-Pad17)")
    (add_net "Net-(U1-Pad18)")
    (add_net "Net-(U1-Pad2)")
    (add_net "Net-(U1-Pad3)")
    (add_net "Net-(U1-Pad31)")
    (add_net "Net-(U1-Pad4)")
    (add_net "Net-(U10-Pad5)")
    (add_net "Net-(U11-Pad1)")
    (add_net "Net-(U11-Pad6)")
    (add_net "Net-(U13-Pad12)")
    (add_net "Net-(U13-Pad13)")
    (add_net "Net-(U13-Pad14)")
    (add_net "Net-(U13-Pad2)")
    (add_net "Net-(U13-Pad4)")
    (add_net "Net-(U13-Pad5)")
    (add_net "Net-(U13-Pad6)")
    (add_net "Net-(U19-Pad1)")
    (add_net "Net-(U19-Pad6)")
    (add_net "Net-(U2-Pad6)")
    (add_net "Net-(U3-Pad1)")
    (add_net "Net-(U3-Pad8)")
    (add_net "Net-(U4-Pad1)")
    (add_net "Net-(U4-Pad8)")
    (add_net "Net-(U5-Pad2)")
    (add_net "Net-(U5-Pad8)")
    (add_net "Net-(U5-Pad9)")
    (add_net "Net-(U7-Pad10)")
    (add_net "Net-(U7-Pad13)")
    (add_net "Net-(U8-Pad9)")
    (add_net "Net-(U9-Pad5)")
    (add_net Next_Pause)
    (add_net Play)
    (add_net Prev_Resume)
    (add_net READY)
    (add_net RXD)
    (add_net SD_CS)
    (add_net SN_CLK)
    (add_net SN_CLK_CS)
    (add_net SN_OUT)
    (add_net SN_WR)
    (add_net SPI_CLK)
    (add_net SPI_MISO)
    (add_net SPI_MOSI)
    (add_net Stop)
    (add_net TXD)
    (add_net VDD)
    (add_net YM_A0)
    (add_net YM_A1)
    (add_net YM_CLK)
    (add_net YM_CLK_CS)
    (add_net YM_CS)
    (add_net YM_IC)
    (add_net YM_MOL)
    (add_net YM_MOR)
    (add_net YM_WR)
  )

  (module Button_Switch_THT:SW_Tactile_Straight_KSA0Axx1LFTR (layer F.Cu) (tedit 5A02FE31) (tstamp 5C40F42A)
    (at 143.372001 88.204001)
    (descr "SW PUSH SMALL http://www.ckswitches.com/media/1457/ksa_ksl.pdf")
    (tags "SW PUSH SMALL Tactile C&K")
    (path /61733348)
    (fp_text reference SW1 (at 3.81 -2.08) (layer F.SilkS)
      (effects (font (size 1 1) (thickness 0.15)))
    )
    (fp_text value Play/Suffle (at 3.81 7.28) (layer F.Fab)
      (effects (font (size 1 1) (thickness 0.15)))
    )
    (fp_circle (center 3.81 2.54) (end 3.81 0) (layer F.SilkS) (width 0.12))
    (fp_line (start 0 6.05) (end 0 6.35) (layer F.SilkS) (width 0.12))
    (fp_line (start 7.62 6.05) (end 7.62 6.35) (layer F.SilkS) (width 0.12))
    (fp_line (start 8.57 6.49) (end -0.95 6.49) (layer F.CrtYd) (width 0.05))
    (fp_line (start 8.57 6.49) (end 8.57 -1.41) (layer F.CrtYd) (width 0.05))
    (fp_line (start -0.95 -1.41) (end -0.95 6.49) (layer F.CrtYd) (width 0.05))
    (fp_line (start -0.95 -1.41) (end 8.57 -1.41) (layer F.CrtYd) (width 0.05))
    (fp_line (start 0 0.97) (end 0 4.11) (layer F.SilkS) (width 0.12))
    (fp_line (start 7.62 0.97) (end 7.62 4.11) (layer F.SilkS) (width 0.12))
    (fp_line (start 0 -1.27) (end 0 -0.97) (layer F.SilkS) (width 0.12))
    (fp_line (start 7.62 6.35) (end 0 6.35) (layer F.SilkS) (width 0.12))
    (fp_line (start 7.62 -1.27) (end 7.62 -0.97) (layer F.SilkS) (width 0.12))
    (fp_line (start 0 -1.27) (end 7.62 -1.27) (layer F.SilkS) (width 0.12))
    (fp_text user %R (at 3.81 2.54) (layer F.Fab)
      (effects (font (size 1 1) (thickness 0.15)))
    )
    (fp_line (start 0.11 6.24) (end 0.11 -1.16) (layer F.Fab) (width 0.1))
    (fp_line (start 0.11 -1.16) (end 7.51 -1.16) (layer F.Fab) (width 0.1))
    (fp_line (start 7.51 -1.16) (end 7.51 6.24) (layer F.Fab) (width 0.1))
    (fp_line (start 7.51 6.24) (end 0.11 6.24) (layer F.Fab) (width 0.1))
    (pad 2 thru_hole circle (at 0 5.08) (size 1.397 1.397) (drill 0.8128) (layers *.Cu *.Mask)
      (net 79 GND))
    (pad 1 thru_hole circle (at 0 0) (size 1.397 1.397) (drill 0.8128) (layers *.Cu *.Mask)
      (net 55 Play))
    (pad 2 thru_hole circle (at 7.62 5.08) (size 1.397 1.397) (drill 0.8128) (layers *.Cu *.Mask)
      (net 79 GND))
    (pad 1 thru_hole circle (at 7.62 0) (size 1.397 1.397) (drill 0.8128) (layers *.Cu *.Mask)
      (net 55 Play))
    (model ${KISYS3DMOD}/Button_Switch_THT.3dshapes/SW_Tactile_Straight_KSA0Axx1LFTR.wrl
      (at (xyz 0 0 0))
      (scale (xyz 1 1 1))
      (rotate (xyz 0 0 0))
    )
  )

  (module Button_Switch_THT:SW_Tactile_Straight_KSA0Axx1LFTR (layer F.Cu) (tedit 5A02FE31) (tstamp 5C40F411)
    (at 173.422001 47.954001)
    (descr "SW PUSH SMALL http://www.ckswitches.com/media/1457/ksa_ksl.pdf")
    (tags "SW PUSH SMALL Tactile C&K")
    (path /6173380B)
    (fp_text reference SW2 (at 3.81 -2.08) (layer F.SilkS)
      (effects (font (size 1 1) (thickness 0.15)))
    )
    (fp_text value Stop (at 3.81 7.28) (layer F.Fab)
      (effects (font (size 1 1) (thickness 0.15)))
    )
    (fp_line (start 7.51 6.24) (end 0.11 6.24) (layer F.Fab) (width 0.1))
    (fp_line (start 7.51 -1.16) (end 7.51 6.24) (layer F.Fab) (width 0.1))
    (fp_line (start 0.11 -1.16) (end 7.51 -1.16) (layer F.Fab) (width 0.1))
    (fp_line (start 0.11 6.24) (end 0.11 -1.16) (layer F.Fab) (width 0.1))
    (fp_text user %R (at 3.81 2.54) (layer F.Fab)
      (effects (font (size 1 1) (thickness 0.15)))
    )
    (fp_line (start 0 -1.27) (end 7.62 -1.27) (layer F.SilkS) (width 0.12))
    (fp_line (start 7.62 -1.27) (end 7.62 -0.97) (layer F.SilkS) (width 0.12))
    (fp_line (start 7.62 6.35) (end 0 6.35) (layer F.SilkS) (width 0.12))
    (fp_line (start 0 -1.27) (end 0 -0.97) (layer F.SilkS) (width 0.12))
    (fp_line (start 7.62 0.97) (end 7.62 4.11) (layer F.SilkS) (width 0.12))
    (fp_line (start 0 0.97) (end 0 4.11) (layer F.SilkS) (width 0.12))
    (fp_line (start -0.95 -1.41) (end 8.57 -1.41) (layer F.CrtYd) (width 0.05))
    (fp_line (start -0.95 -1.41) (end -0.95 6.49) (layer F.CrtYd) (width 0.05))
    (fp_line (start 8.57 6.49) (end 8.57 -1.41) (layer F.CrtYd) (width 0.05))
    (fp_line (start 8.57 6.49) (end -0.95 6.49) (layer F.CrtYd) (width 0.05))
    (fp_line (start 7.62 6.05) (end 7.62 6.35) (layer F.SilkS) (width 0.12))
    (fp_line (start 0 6.05) (end 0 6.35) (layer F.SilkS) (width 0.12))
    (fp_circle (center 3.81 2.54) (end 3.81 0) (layer F.SilkS) (width 0.12))
    (pad 1 thru_hole circle (at 7.62 0) (size 1.397 1.397) (drill 0.8128) (layers *.Cu *.Mask)
      (net 65 Stop))
    (pad 2 thru_hole circle (at 7.62 5.08) (size 1.397 1.397) (drill 0.8128) (layers *.Cu *.Mask)
      (net 79 GND))
    (pad 1 thru_hole circle (at 0 0) (size 1.397 1.397) (drill 0.8128) (layers *.Cu *.Mask)
      (net 65 Stop))
    (pad 2 thru_hole circle (at 0 5.08) (size 1.397 1.397) (drill 0.8128) (layers *.Cu *.Mask)
      (net 79 GND))
    (model ${KISYS3DMOD}/Button_Switch_THT.3dshapes/SW_Tactile_Straight_KSA0Axx1LFTR.wrl
      (at (xyz 0 0 0))
      (scale (xyz 1 1 1))
      (rotate (xyz 0 0 0))
    )
  )

  (module Button_Switch_THT:SW_Tactile_Straight_KSA0Axx1LFTR (layer F.Cu) (tedit 5A02FE31) (tstamp 5C40F3F8)
    (at 151.922001 69.004001)
    (descr "SW PUSH SMALL http://www.ckswitches.com/media/1457/ksa_ksl.pdf")
    (tags "SW PUSH SMALL Tactile C&K")
    (path /6175E922)
    (fp_text reference SW3 (at 3.81 -2.08) (layer F.SilkS)
      (effects (font (size 1 1) (thickness 0.15)))
    )
    (fp_text value Next/Pause (at 3.81 7.28) (layer F.Fab)
      (effects (font (size 1 1) (thickness 0.15)))
    )
    (fp_circle (center 3.81 2.54) (end 3.81 0) (layer F.SilkS) (width 0.12))
    (fp_line (start 0 6.05) (end 0 6.35) (layer F.SilkS) (width 0.12))
    (fp_line (start 7.62 6.05) (end 7.62 6.35) (layer F.SilkS) (width 0.12))
    (fp_line (start 8.57 6.49) (end -0.95 6.49) (layer F.CrtYd) (width 0.05))
    (fp_line (start 8.57 6.49) (end 8.57 -1.41) (layer F.CrtYd) (width 0.05))
    (fp_line (start -0.95 -1.41) (end -0.95 6.49) (layer F.CrtYd) (width 0.05))
    (fp_line (start -0.95 -1.41) (end 8.57 -1.41) (layer F.CrtYd) (width 0.05))
    (fp_line (start 0 0.97) (end 0 4.11) (layer F.SilkS) (width 0.12))
    (fp_line (start 7.62 0.97) (end 7.62 4.11) (layer F.SilkS) (width 0.12))
    (fp_line (start 0 -1.27) (end 0 -0.97) (layer F.SilkS) (width 0.12))
    (fp_line (start 7.62 6.35) (end 0 6.35) (layer F.SilkS) (width 0.12))
    (fp_line (start 7.62 -1.27) (end 7.62 -0.97) (layer F.SilkS) (width 0.12))
    (fp_line (start 0 -1.27) (end 7.62 -1.27) (layer F.SilkS) (width 0.12))
    (fp_text user %R (at 3.81 2.54) (layer F.Fab)
      (effects (font (size 1 1) (thickness 0.15)))
    )
    (fp_line (start 0.11 6.24) (end 0.11 -1.16) (layer F.Fab) (width 0.1))
    (fp_line (start 0.11 -1.16) (end 7.51 -1.16) (layer F.Fab) (width 0.1))
    (fp_line (start 7.51 -1.16) (end 7.51 6.24) (layer F.Fab) (width 0.1))
    (fp_line (start 7.51 6.24) (end 0.11 6.24) (layer F.Fab) (width 0.1))
    (pad 2 thru_hole circle (at 0 5.08) (size 1.397 1.397) (drill 0.8128) (layers *.Cu *.Mask)
      (net 79 GND))
    (pad 1 thru_hole circle (at 0 0) (size 1.397 1.397) (drill 0.8128) (layers *.Cu *.Mask)
      (net 63 Next_Pause))
    (pad 2 thru_hole circle (at 7.62 5.08) (size 1.397 1.397) (drill 0.8128) (layers *.Cu *.Mask)
      (net 79 GND))
    (pad 1 thru_hole circle (at 7.62 0) (size 1.397 1.397) (drill 0.8128) (layers *.Cu *.Mask)
      (net 63 Next_Pause))
    (model ${KISYS3DMOD}/Button_Switch_THT.3dshapes/SW_Tactile_Straight_KSA0Axx1LFTR.wrl
      (at (xyz 0 0 0))
      (scale (xyz 1 1 1))
      (rotate (xyz 0 0 0))
    )
  )

  (module Button_Switch_THT:SW_Tactile_Straight_KSA0Axx1LFTR (layer F.Cu) (tedit 5A02FE31) (tstamp 5C40F3DF)
    (at 124.172001 79.154001)
    (descr "SW PUSH SMALL http://www.ckswitches.com/media/1457/ksa_ksl.pdf")
    (tags "SW PUSH SMALL Tactile C&K")
    (path /617B4DFB)
    (fp_text reference SW4 (at 3.81 -2.08) (layer F.SilkS)
      (effects (font (size 1 1) (thickness 0.15)))
    )
    (fp_text value Prev/Resume (at 3.81 7.28) (layer F.Fab)
      (effects (font (size 1 1) (thickness 0.15)))
    )
    (fp_line (start 7.51 6.24) (end 0.11 6.24) (layer F.Fab) (width 0.1))
    (fp_line (start 7.51 -1.16) (end 7.51 6.24) (layer F.Fab) (width 0.1))
    (fp_line (start 0.11 -1.16) (end 7.51 -1.16) (layer F.Fab) (width 0.1))
    (fp_line (start 0.11 6.24) (end 0.11 -1.16) (layer F.Fab) (width 0.1))
    (fp_text user %R (at 3.81 2.54) (layer F.Fab)
      (effects (font (size 1 1) (thickness 0.15)))
    )
    (fp_line (start 0 -1.27) (end 7.62 -1.27) (layer F.SilkS) (width 0.12))
    (fp_line (start 7.62 -1.27) (end 7.62 -0.97) (layer F.SilkS) (width 0.12))
    (fp_line (start 7.62 6.35) (end 0 6.35) (layer F.SilkS) (width 0.12))
    (fp_line (start 0 -1.27) (end 0 -0.97) (layer F.SilkS) (width 0.12))
    (fp_line (start 7.62 0.97) (end 7.62 4.11) (layer F.SilkS) (width 0.12))
    (fp_line (start 0 0.97) (end 0 4.11) (layer F.SilkS) (width 0.12))
    (fp_line (start -0.95 -1.41) (end 8.57 -1.41) (layer F.CrtYd) (width 0.05))
    (fp_line (start -0.95 -1.41) (end -0.95 6.49) (layer F.CrtYd) (width 0.05))
    (fp_line (start 8.57 6.49) (end 8.57 -1.41) (layer F.CrtYd) (width 0.05))
    (fp_line (start 8.57 6.49) (end -0.95 6.49) (layer F.CrtYd) (width 0.05))
    (fp_line (start 7.62 6.05) (end 7.62 6.35) (layer F.SilkS) (width 0.12))
    (fp_line (start 0 6.05) (end 0 6.35) (layer F.SilkS) (width 0.12))
    (fp_circle (center 3.81 2.54) (end 3.81 0) (layer F.SilkS) (width 0.12))
    (pad 1 thru_hole circle (at 7.62 0) (size 1.397 1.397) (drill 0.8128) (layers *.Cu *.Mask)
      (net 61 Prev_Resume))
    (pad 2 thru_hole circle (at 7.62 5.08) (size 1.397 1.397) (drill 0.8128) (layers *.Cu *.Mask)
      (net 79 GND))
    (pad 1 thru_hole circle (at 0 0) (size 1.397 1.397) (drill 0.8128) (layers *.Cu *.Mask)
      (net 61 Prev_Resume))
    (pad 2 thru_hole circle (at 0 5.08) (size 1.397 1.397) (drill 0.8128) (layers *.Cu *.Mask)
      (net 79 GND))
    (model ${KISYS3DMOD}/Button_Switch_THT.3dshapes/SW_Tactile_Straight_KSA0Axx1LFTR.wrl
      (at (xyz 0 0 0))
      (scale (xyz 1 1 1))
      (rotate (xyz 0 0 0))
    )
  )

  (module Capacitor_SMD:C_0805_2012Metric (layer F.Cu) (tedit 5B36C52B) (tstamp 5C3EEFAE)
    (at 199.797001 48.959001)
    (descr "Capacitor SMD 0805 (2012 Metric), square (rectangular) end terminal, IPC_7351 nominal, (Body size source: https://docs.google.com/spreadsheets/d/1BsfQQcO9C6DZCsRaXUlFlo91Tg2WpOkGARC1WS5S8t0/edit?usp=sharing), generated with kicad-footprint-generator")
    (tags capacitor)
    (path /642F5A0C)
    (attr smd)
    (fp_text reference C31 (at 0 -1.65) (layer F.SilkS)
      (effects (font (size 1 1) (thickness 0.15)))
    )
    (fp_text value 1.5nF (at 0 1.65) (layer F.Fab)
      (effects (font (size 1 1) (thickness 0.15)))
    )
    (fp_line (start -1 0.6) (end -1 -0.6) (layer F.Fab) (width 0.1))
    (fp_line (start -1 -0.6) (end 1 -0.6) (layer F.Fab) (width 0.1))
    (fp_line (start 1 -0.6) (end 1 0.6) (layer F.Fab) (width 0.1))
    (fp_line (start 1 0.6) (end -1 0.6) (layer F.Fab) (width 0.1))
    (fp_line (start -0.258578 -0.71) (end 0.258578 -0.71) (layer F.SilkS) (width 0.12))
    (fp_line (start -0.258578 0.71) (end 0.258578 0.71) (layer F.SilkS) (width 0.12))
    (fp_line (start -1.68 0.95) (end -1.68 -0.95) (layer F.CrtYd) (width 0.05))
    (fp_line (start -1.68 -0.95) (end 1.68 -0.95) (layer F.CrtYd) (width 0.05))
    (fp_line (start 1.68 -0.95) (end 1.68 0.95) (layer F.CrtYd) (width 0.05))
    (fp_line (start 1.68 0.95) (end -1.68 0.95) (layer F.CrtYd) (width 0.05))
    (fp_text user %R (at 0 0) (layer F.Fab)
      (effects (font (size 0.5 0.5) (thickness 0.08)))
    )
    (pad 1 smd roundrect (at -0.9375 0) (size 0.975 1.4) (layers F.Cu F.Paste F.Mask) (roundrect_rratio 0.25)
      (net 10 GNDA))
    (pad 2 smd roundrect (at 0.9375 0) (size 0.975 1.4) (layers F.Cu F.Paste F.Mask) (roundrect_rratio 0.25)
      (net 97 "Net-(C31-Pad2)"))
    (model ${KISYS3DMOD}/Capacitor_SMD.3dshapes/C_0805_2012Metric.wrl
      (at (xyz 0 0 0))
      (scale (xyz 1 1 1))
      (rotate (xyz 0 0 0))
    )
  )

  (module Capacitor_SMD:C_0805_2012Metric (layer F.Cu) (tedit 5B36C52B) (tstamp 5C3EEF9D)
    (at 140.117001 108.409001)
    (descr "Capacitor SMD 0805 (2012 Metric), square (rectangular) end terminal, IPC_7351 nominal, (Body size source: https://docs.google.com/spreadsheets/d/1BsfQQcO9C6DZCsRaXUlFlo91Tg2WpOkGARC1WS5S8t0/edit?usp=sharing), generated with kicad-footprint-generator")
    (tags capacitor)
    (path /5C266C04)
    (attr smd)
    (fp_text reference C26 (at 0 -1.65) (layer F.SilkS)
      (effects (font (size 1 1) (thickness 0.15)))
    )
    (fp_text value 10nF (at 0 1.65) (layer F.Fab)
      (effects (font (size 1 1) (thickness 0.15)))
    )
    (fp_text user %R (at 0 0) (layer F.Fab)
      (effects (font (size 0.5 0.5) (thickness 0.08)))
    )
    (fp_line (start 1.68 0.95) (end -1.68 0.95) (layer F.CrtYd) (width 0.05))
    (fp_line (start 1.68 -0.95) (end 1.68 0.95) (layer F.CrtYd) (width 0.05))
    (fp_line (start -1.68 -0.95) (end 1.68 -0.95) (layer F.CrtYd) (width 0.05))
    (fp_line (start -1.68 0.95) (end -1.68 -0.95) (layer F.CrtYd) (width 0.05))
    (fp_line (start -0.258578 0.71) (end 0.258578 0.71) (layer F.SilkS) (width 0.12))
    (fp_line (start -0.258578 -0.71) (end 0.258578 -0.71) (layer F.SilkS) (width 0.12))
    (fp_line (start 1 0.6) (end -1 0.6) (layer F.Fab) (width 0.1))
    (fp_line (start 1 -0.6) (end 1 0.6) (layer F.Fab) (width 0.1))
    (fp_line (start -1 -0.6) (end 1 -0.6) (layer F.Fab) (width 0.1))
    (fp_line (start -1 0.6) (end -1 -0.6) (layer F.Fab) (width 0.1))
    (pad 2 smd roundrect (at 0.9375 0) (size 0.975 1.4) (layers F.Cu F.Paste F.Mask) (roundrect_rratio 0.25)
      (net 34 +5V))
    (pad 1 smd roundrect (at -0.9375 0) (size 0.975 1.4) (layers F.Cu F.Paste F.Mask) (roundrect_rratio 0.25)
      (net 10 GNDA))
    (model ${KISYS3DMOD}/Capacitor_SMD.3dshapes/C_0805_2012Metric.wrl
      (at (xyz 0 0 0))
      (scale (xyz 1 1 1))
      (rotate (xyz 0 0 0))
    )
  )

  (module Capacitor_SMD:C_0805_2012Metric (layer F.Cu) (tedit 5B36C52B) (tstamp 5C3EEF8C)
    (at 188.017001 69.749001)
    (descr "Capacitor SMD 0805 (2012 Metric), square (rectangular) end terminal, IPC_7351 nominal, (Body size source: https://docs.google.com/spreadsheets/d/1BsfQQcO9C6DZCsRaXUlFlo91Tg2WpOkGARC1WS5S8t0/edit?usp=sharing), generated with kicad-footprint-generator")
    (tags capacitor)
    (path /5C119526)
    (attr smd)
    (fp_text reference C25 (at 0 -1.65) (layer F.SilkS)
      (effects (font (size 1 1) (thickness 0.15)))
    )
    (fp_text value 10nF (at 0 1.65) (layer F.Fab)
      (effects (font (size 1 1) (thickness 0.15)))
    )
    (fp_line (start -1 0.6) (end -1 -0.6) (layer F.Fab) (width 0.1))
    (fp_line (start -1 -0.6) (end 1 -0.6) (layer F.Fab) (width 0.1))
    (fp_line (start 1 -0.6) (end 1 0.6) (layer F.Fab) (width 0.1))
    (fp_line (start 1 0.6) (end -1 0.6) (layer F.Fab) (width 0.1))
    (fp_line (start -0.258578 -0.71) (end 0.258578 -0.71) (layer F.SilkS) (width 0.12))
    (fp_line (start -0.258578 0.71) (end 0.258578 0.71) (layer F.SilkS) (width 0.12))
    (fp_line (start -1.68 0.95) (end -1.68 -0.95) (layer F.CrtYd) (width 0.05))
    (fp_line (start -1.68 -0.95) (end 1.68 -0.95) (layer F.CrtYd) (width 0.05))
    (fp_line (start 1.68 -0.95) (end 1.68 0.95) (layer F.CrtYd) (width 0.05))
    (fp_line (start 1.68 0.95) (end -1.68 0.95) (layer F.CrtYd) (width 0.05))
    (fp_text user %R (at 0 0) (layer F.Fab)
      (effects (font (size 0.5 0.5) (thickness 0.08)))
    )
    (pad 1 smd roundrect (at -0.9375 0) (size 0.975 1.4) (layers F.Cu F.Paste F.Mask) (roundrect_rratio 0.25)
      (net 10 GNDA))
    (pad 2 smd roundrect (at 0.9375 0) (size 0.975 1.4) (layers F.Cu F.Paste F.Mask) (roundrect_rratio 0.25)
      (net 34 +5V))
    (model ${KISYS3DMOD}/Capacitor_SMD.3dshapes/C_0805_2012Metric.wrl
      (at (xyz 0 0 0))
      (scale (xyz 1 1 1))
      (rotate (xyz 0 0 0))
    )
  )

  (module Capacitor_SMD:C_0805_2012Metric (layer F.Cu) (tedit 5B36C52B) (tstamp 5C3EEF7B)
    (at 191.427001 69.749001)
    (descr "Capacitor SMD 0805 (2012 Metric), square (rectangular) end terminal, IPC_7351 nominal, (Body size source: https://docs.google.com/spreadsheets/d/1BsfQQcO9C6DZCsRaXUlFlo91Tg2WpOkGARC1WS5S8t0/edit?usp=sharing), generated with kicad-footprint-generator")
    (tags capacitor)
    (path /5C016ACD)
    (attr smd)
    (fp_text reference C20 (at 0 -1.65) (layer F.SilkS)
      (effects (font (size 1 1) (thickness 0.15)))
    )
    (fp_text value 47nF (at 0 1.65) (layer F.Fab)
      (effects (font (size 1 1) (thickness 0.15)))
    )
    (fp_text user %R (at 0 0) (layer F.Fab)
      (effects (font (size 0.5 0.5) (thickness 0.08)))
    )
    (fp_line (start 1.68 0.95) (end -1.68 0.95) (layer F.CrtYd) (width 0.05))
    (fp_line (start 1.68 -0.95) (end 1.68 0.95) (layer F.CrtYd) (width 0.05))
    (fp_line (start -1.68 -0.95) (end 1.68 -0.95) (layer F.CrtYd) (width 0.05))
    (fp_line (start -1.68 0.95) (end -1.68 -0.95) (layer F.CrtYd) (width 0.05))
    (fp_line (start -0.258578 0.71) (end 0.258578 0.71) (layer F.SilkS) (width 0.12))
    (fp_line (start -0.258578 -0.71) (end 0.258578 -0.71) (layer F.SilkS) (width 0.12))
    (fp_line (start 1 0.6) (end -1 0.6) (layer F.Fab) (width 0.1))
    (fp_line (start 1 -0.6) (end 1 0.6) (layer F.Fab) (width 0.1))
    (fp_line (start -1 -0.6) (end 1 -0.6) (layer F.Fab) (width 0.1))
    (fp_line (start -1 0.6) (end -1 -0.6) (layer F.Fab) (width 0.1))
    (pad 2 smd roundrect (at 0.9375 0) (size 0.975 1.4) (layers F.Cu F.Paste F.Mask) (roundrect_rratio 0.25)
      (net 46 "Net-(C20-Pad2)"))
    (pad 1 smd roundrect (at -0.9375 0) (size 0.975 1.4) (layers F.Cu F.Paste F.Mask) (roundrect_rratio 0.25)
      (net 23 "Net-(C20-Pad1)"))
    (model ${KISYS3DMOD}/Capacitor_SMD.3dshapes/C_0805_2012Metric.wrl
      (at (xyz 0 0 0))
      (scale (xyz 1 1 1))
      (rotate (xyz 0 0 0))
    )
  )

  (module Capacitor_SMD:C_0805_2012Metric (layer F.Cu) (tedit 5B36C52B) (tstamp 5C3EEF6A)
    (at 200.167001 61.199001)
    (descr "Capacitor SMD 0805 (2012 Metric), square (rectangular) end terminal, IPC_7351 nominal, (Body size source: https://docs.google.com/spreadsheets/d/1BsfQQcO9C6DZCsRaXUlFlo91Tg2WpOkGARC1WS5S8t0/edit?usp=sharing), generated with kicad-footprint-generator")
    (tags capacitor)
    (path /5C00DA25)
    (attr smd)
    (fp_text reference C19 (at 0 -1.65) (layer F.SilkS)
      (effects (font (size 1 1) (thickness 0.15)))
    )
    (fp_text value 47nF (at 0 1.65) (layer F.Fab)
      (effects (font (size 1 1) (thickness 0.15)))
    )
    (fp_line (start -1 0.6) (end -1 -0.6) (layer F.Fab) (width 0.1))
    (fp_line (start -1 -0.6) (end 1 -0.6) (layer F.Fab) (width 0.1))
    (fp_line (start 1 -0.6) (end 1 0.6) (layer F.Fab) (width 0.1))
    (fp_line (start 1 0.6) (end -1 0.6) (layer F.Fab) (width 0.1))
    (fp_line (start -0.258578 -0.71) (end 0.258578 -0.71) (layer F.SilkS) (width 0.12))
    (fp_line (start -0.258578 0.71) (end 0.258578 0.71) (layer F.SilkS) (width 0.12))
    (fp_line (start -1.68 0.95) (end -1.68 -0.95) (layer F.CrtYd) (width 0.05))
    (fp_line (start -1.68 -0.95) (end 1.68 -0.95) (layer F.CrtYd) (width 0.05))
    (fp_line (start 1.68 -0.95) (end 1.68 0.95) (layer F.CrtYd) (width 0.05))
    (fp_line (start 1.68 0.95) (end -1.68 0.95) (layer F.CrtYd) (width 0.05))
    (fp_text user %R (at 0 0) (layer F.Fab)
      (effects (font (size 0.5 0.5) (thickness 0.08)))
    )
    (pad 1 smd roundrect (at -0.9375 0) (size 0.975 1.4) (layers F.Cu F.Paste F.Mask) (roundrect_rratio 0.25)
      (net 22 "Net-(C19-Pad1)"))
    (pad 2 smd roundrect (at 0.9375 0) (size 0.975 1.4) (layers F.Cu F.Paste F.Mask) (roundrect_rratio 0.25)
      (net 39 "Net-(C19-Pad2)"))
    (model ${KISYS3DMOD}/Capacitor_SMD.3dshapes/C_0805_2012Metric.wrl
      (at (xyz 0 0 0))
      (scale (xyz 1 1 1))
      (rotate (xyz 0 0 0))
    )
  )

  (module Capacitor_SMD:C_0805_2012Metric (layer F.Cu) (tedit 5B36C52B) (tstamp 5C3EEF59)
    (at 196.387001 48.959001)
    (descr "Capacitor SMD 0805 (2012 Metric), square (rectangular) end terminal, IPC_7351 nominal, (Body size source: https://docs.google.com/spreadsheets/d/1BsfQQcO9C6DZCsRaXUlFlo91Tg2WpOkGARC1WS5S8t0/edit?usp=sharing), generated with kicad-footprint-generator")
    (tags capacitor)
    (path /5C016AC6)
    (attr smd)
    (fp_text reference C9 (at 0 -1.65) (layer F.SilkS)
      (effects (font (size 1 1) (thickness 0.15)))
    )
    (fp_text value 4.7nF (at 0 1.65) (layer F.Fab)
      (effects (font (size 1 1) (thickness 0.15)))
    )
    (fp_text user %R (at 0 0) (layer F.Fab)
      (effects (font (size 0.5 0.5) (thickness 0.08)))
    )
    (fp_line (start 1.68 0.95) (end -1.68 0.95) (layer F.CrtYd) (width 0.05))
    (fp_line (start 1.68 -0.95) (end 1.68 0.95) (layer F.CrtYd) (width 0.05))
    (fp_line (start -1.68 -0.95) (end 1.68 -0.95) (layer F.CrtYd) (width 0.05))
    (fp_line (start -1.68 0.95) (end -1.68 -0.95) (layer F.CrtYd) (width 0.05))
    (fp_line (start -0.258578 0.71) (end 0.258578 0.71) (layer F.SilkS) (width 0.12))
    (fp_line (start -0.258578 -0.71) (end 0.258578 -0.71) (layer F.SilkS) (width 0.12))
    (fp_line (start 1 0.6) (end -1 0.6) (layer F.Fab) (width 0.1))
    (fp_line (start 1 -0.6) (end 1 0.6) (layer F.Fab) (width 0.1))
    (fp_line (start -1 -0.6) (end 1 -0.6) (layer F.Fab) (width 0.1))
    (fp_line (start -1 0.6) (end -1 -0.6) (layer F.Fab) (width 0.1))
    (pad 2 smd roundrect (at 0.9375 0) (size 0.975 1.4) (layers F.Cu F.Paste F.Mask) (roundrect_rratio 0.25)
      (net 20 "Net-(C9-Pad2)"))
    (pad 1 smd roundrect (at -0.9375 0) (size 0.975 1.4) (layers F.Cu F.Paste F.Mask) (roundrect_rratio 0.25)
      (net 28 "Net-(C9-Pad1)"))
    (model ${KISYS3DMOD}/Capacitor_SMD.3dshapes/C_0805_2012Metric.wrl
      (at (xyz 0 0 0))
      (scale (xyz 1 1 1))
      (rotate (xyz 0 0 0))
    )
  )

  (module Capacitor_SMD:C_0805_2012Metric (layer F.Cu) (tedit 5B36C52B) (tstamp 5C3EEF48)
    (at 104.687001 93.949001)
    (descr "Capacitor SMD 0805 (2012 Metric), square (rectangular) end terminal, IPC_7351 nominal, (Body size source: https://docs.google.com/spreadsheets/d/1BsfQQcO9C6DZCsRaXUlFlo91Tg2WpOkGARC1WS5S8t0/edit?usp=sharing), generated with kicad-footprint-generator")
    (tags capacitor)
    (path /5BFFC897)
    (attr smd)
    (fp_text reference C4 (at 0 -1.65) (layer F.SilkS)
      (effects (font (size 1 1) (thickness 0.15)))
    )
    (fp_text value 220pF (at 0 1.65) (layer F.Fab)
      (effects (font (size 1 1) (thickness 0.15)))
    )
    (fp_line (start -1 0.6) (end -1 -0.6) (layer F.Fab) (width 0.1))
    (fp_line (start -1 -0.6) (end 1 -0.6) (layer F.Fab) (width 0.1))
    (fp_line (start 1 -0.6) (end 1 0.6) (layer F.Fab) (width 0.1))
    (fp_line (start 1 0.6) (end -1 0.6) (layer F.Fab) (width 0.1))
    (fp_line (start -0.258578 -0.71) (end 0.258578 -0.71) (layer F.SilkS) (width 0.12))
    (fp_line (start -0.258578 0.71) (end 0.258578 0.71) (layer F.SilkS) (width 0.12))
    (fp_line (start -1.68 0.95) (end -1.68 -0.95) (layer F.CrtYd) (width 0.05))
    (fp_line (start -1.68 -0.95) (end 1.68 -0.95) (layer F.CrtYd) (width 0.05))
    (fp_line (start 1.68 -0.95) (end 1.68 0.95) (layer F.CrtYd) (width 0.05))
    (fp_line (start 1.68 0.95) (end -1.68 0.95) (layer F.CrtYd) (width 0.05))
    (fp_text user %R (at 0 0) (layer F.Fab)
      (effects (font (size 0.5 0.5) (thickness 0.08)))
    )
    (pad 1 smd roundrect (at -0.9375 0) (size 0.975 1.4) (layers F.Cu F.Paste F.Mask) (roundrect_rratio 0.25)
      (net 27 SN_OUT))
    (pad 2 smd roundrect (at 0.9375 0) (size 0.975 1.4) (layers F.Cu F.Paste F.Mask) (roundrect_rratio 0.25)
      (net 10 GNDA))
    (model ${KISYS3DMOD}/Capacitor_SMD.3dshapes/C_0805_2012Metric.wrl
      (at (xyz 0 0 0))
      (scale (xyz 1 1 1))
      (rotate (xyz 0 0 0))
    )
  )

  (module Capacitor_SMD:C_0805_2012Metric (layer F.Cu) (tedit 5B36C52B) (tstamp 5C3EEF37)
    (at 143.527001 108.409001)
    (descr "Capacitor SMD 0805 (2012 Metric), square (rectangular) end terminal, IPC_7351 nominal, (Body size source: https://docs.google.com/spreadsheets/d/1BsfQQcO9C6DZCsRaXUlFlo91Tg2WpOkGARC1WS5S8t0/edit?usp=sharing), generated with kicad-footprint-generator")
    (tags capacitor)
    (path /5C00D464)
    (attr smd)
    (fp_text reference C8 (at 0 -1.65) (layer F.SilkS)
      (effects (font (size 1 1) (thickness 0.15)))
    )
    (fp_text value 4.7nF (at 0 1.65) (layer F.Fab)
      (effects (font (size 1 1) (thickness 0.15)))
    )
    (fp_text user %R (at 0 0) (layer F.Fab)
      (effects (font (size 0.5 0.5) (thickness 0.08)))
    )
    (fp_line (start 1.68 0.95) (end -1.68 0.95) (layer F.CrtYd) (width 0.05))
    (fp_line (start 1.68 -0.95) (end 1.68 0.95) (layer F.CrtYd) (width 0.05))
    (fp_line (start -1.68 -0.95) (end 1.68 -0.95) (layer F.CrtYd) (width 0.05))
    (fp_line (start -1.68 0.95) (end -1.68 -0.95) (layer F.CrtYd) (width 0.05))
    (fp_line (start -0.258578 0.71) (end 0.258578 0.71) (layer F.SilkS) (width 0.12))
    (fp_line (start -0.258578 -0.71) (end 0.258578 -0.71) (layer F.SilkS) (width 0.12))
    (fp_line (start 1 0.6) (end -1 0.6) (layer F.Fab) (width 0.1))
    (fp_line (start 1 -0.6) (end 1 0.6) (layer F.Fab) (width 0.1))
    (fp_line (start -1 -0.6) (end 1 -0.6) (layer F.Fab) (width 0.1))
    (fp_line (start -1 0.6) (end -1 -0.6) (layer F.Fab) (width 0.1))
    (pad 2 smd roundrect (at 0.9375 0) (size 0.975 1.4) (layers F.Cu F.Paste F.Mask) (roundrect_rratio 0.25)
      (net 12 "Net-(C8-Pad2)"))
    (pad 1 smd roundrect (at -0.9375 0) (size 0.975 1.4) (layers F.Cu F.Paste F.Mask) (roundrect_rratio 0.25)
      (net 19 "Net-(C8-Pad1)"))
    (model ${KISYS3DMOD}/Capacitor_SMD.3dshapes/C_0805_2012Metric.wrl
      (at (xyz 0 0 0))
      (scale (xyz 1 1 1))
      (rotate (xyz 0 0 0))
    )
  )

  (module Capacitor_SMD:C_0805_2012Metric (layer F.Cu) (tedit 5B36C52B) (tstamp 5C3EEF26)
    (at 136.707001 107.609001)
    (descr "Capacitor SMD 0805 (2012 Metric), square (rectangular) end terminal, IPC_7351 nominal, (Body size source: https://docs.google.com/spreadsheets/d/1BsfQQcO9C6DZCsRaXUlFlo91Tg2WpOkGARC1WS5S8t0/edit?usp=sharing), generated with kicad-footprint-generator")
    (tags capacitor)
    (path /6392BC83)
    (attr smd)
    (fp_text reference C30 (at 0 -1.65) (layer F.SilkS)
      (effects (font (size 1 1) (thickness 0.15)))
    )
    (fp_text value 1.5nF (at 0 1.65) (layer F.Fab)
      (effects (font (size 1 1) (thickness 0.15)))
    )
    (fp_line (start -1 0.6) (end -1 -0.6) (layer F.Fab) (width 0.1))
    (fp_line (start -1 -0.6) (end 1 -0.6) (layer F.Fab) (width 0.1))
    (fp_line (start 1 -0.6) (end 1 0.6) (layer F.Fab) (width 0.1))
    (fp_line (start 1 0.6) (end -1 0.6) (layer F.Fab) (width 0.1))
    (fp_line (start -0.258578 -0.71) (end 0.258578 -0.71) (layer F.SilkS) (width 0.12))
    (fp_line (start -0.258578 0.71) (end 0.258578 0.71) (layer F.SilkS) (width 0.12))
    (fp_line (start -1.68 0.95) (end -1.68 -0.95) (layer F.CrtYd) (width 0.05))
    (fp_line (start -1.68 -0.95) (end 1.68 -0.95) (layer F.CrtYd) (width 0.05))
    (fp_line (start 1.68 -0.95) (end 1.68 0.95) (layer F.CrtYd) (width 0.05))
    (fp_line (start 1.68 0.95) (end -1.68 0.95) (layer F.CrtYd) (width 0.05))
    (fp_text user %R (at 0 0) (layer F.Fab)
      (effects (font (size 0.5 0.5) (thickness 0.08)))
    )
    (pad 1 smd roundrect (at -0.9375 0) (size 0.975 1.4) (layers F.Cu F.Paste F.Mask) (roundrect_rratio 0.25)
      (net 10 GNDA))
    (pad 2 smd roundrect (at 0.9375 0) (size 0.975 1.4) (layers F.Cu F.Paste F.Mask) (roundrect_rratio 0.25)
      (net 96 "Net-(C30-Pad2)"))
    (model ${KISYS3DMOD}/Capacitor_SMD.3dshapes/C_0805_2012Metric.wrl
      (at (xyz 0 0 0))
      (scale (xyz 1 1 1))
      (rotate (xyz 0 0 0))
    )
  )

  (module Capacitor_THT:CP_Radial_D4.0mm_P1.50mm (layer F.Cu) (tedit 5AE50EF0) (tstamp 5C3EEF15)
    (at 179.151802 82.009001)
    (descr "CP, Radial series, Radial, pin pitch=1.50mm, , diameter=4mm, Electrolytic Capacitor")
    (tags "CP Radial series Radial pin pitch 1.50mm  diameter 4mm Electrolytic Capacitor")
    (path /5BFFCA7F)
    (fp_text reference C5 (at 0.75 -3.25) (layer F.SilkS)
      (effects (font (size 1 1) (thickness 0.15)))
    )
    (fp_text value 10uF (at 0.75 3.25) (layer F.Fab)
      (effects (font (size 1 1) (thickness 0.15)))
    )
    (fp_circle (center 0.75 0) (end 2.75 0) (layer F.Fab) (width 0.1))
    (fp_circle (center 0.75 0) (end 2.87 0) (layer F.SilkS) (width 0.12))
    (fp_circle (center 0.75 0) (end 3 0) (layer F.CrtYd) (width 0.05))
    (fp_line (start -0.952554 -0.8675) (end -0.552554 -0.8675) (layer F.Fab) (width 0.1))
    (fp_line (start -0.752554 -1.0675) (end -0.752554 -0.6675) (layer F.Fab) (width 0.1))
    (fp_line (start 0.75 0.84) (end 0.75 2.08) (layer F.SilkS) (width 0.12))
    (fp_line (start 0.75 -2.08) (end 0.75 -0.84) (layer F.SilkS) (width 0.12))
    (fp_line (start 0.79 0.84) (end 0.79 2.08) (layer F.SilkS) (width 0.12))
    (fp_line (start 0.79 -2.08) (end 0.79 -0.84) (layer F.SilkS) (width 0.12))
    (fp_line (start 0.83 0.84) (end 0.83 2.079) (layer F.SilkS) (width 0.12))
    (fp_line (start 0.83 -2.079) (end 0.83 -0.84) (layer F.SilkS) (width 0.12))
    (fp_line (start 0.87 -2.077) (end 0.87 -0.84) (layer F.SilkS) (width 0.12))
    (fp_line (start 0.87 0.84) (end 0.87 2.077) (layer F.SilkS) (width 0.12))
    (fp_line (start 0.91 -2.074) (end 0.91 -0.84) (layer F.SilkS) (width 0.12))
    (fp_line (start 0.91 0.84) (end 0.91 2.074) (layer F.SilkS) (width 0.12))
    (fp_line (start 0.95 -2.071) (end 0.95 -0.84) (layer F.SilkS) (width 0.12))
    (fp_line (start 0.95 0.84) (end 0.95 2.071) (layer F.SilkS) (width 0.12))
    (fp_line (start 0.99 -2.067) (end 0.99 -0.84) (layer F.SilkS) (width 0.12))
    (fp_line (start 0.99 0.84) (end 0.99 2.067) (layer F.SilkS) (width 0.12))
    (fp_line (start 1.03 -2.062) (end 1.03 -0.84) (layer F.SilkS) (width 0.12))
    (fp_line (start 1.03 0.84) (end 1.03 2.062) (layer F.SilkS) (width 0.12))
    (fp_line (start 1.07 -2.056) (end 1.07 -0.84) (layer F.SilkS) (width 0.12))
    (fp_line (start 1.07 0.84) (end 1.07 2.056) (layer F.SilkS) (width 0.12))
    (fp_line (start 1.11 -2.05) (end 1.11 -0.84) (layer F.SilkS) (width 0.12))
    (fp_line (start 1.11 0.84) (end 1.11 2.05) (layer F.SilkS) (width 0.12))
    (fp_line (start 1.15 -2.042) (end 1.15 -0.84) (layer F.SilkS) (width 0.12))
    (fp_line (start 1.15 0.84) (end 1.15 2.042) (layer F.SilkS) (width 0.12))
    (fp_line (start 1.19 -2.034) (end 1.19 -0.84) (layer F.SilkS) (width 0.12))
    (fp_line (start 1.19 0.84) (end 1.19 2.034) (layer F.SilkS) (width 0.12))
    (fp_line (start 1.23 -2.025) (end 1.23 -0.84) (layer F.SilkS) (width 0.12))
    (fp_line (start 1.23 0.84) (end 1.23 2.025) (layer F.SilkS) (width 0.12))
    (fp_line (start 1.27 -2.016) (end 1.27 -0.84) (layer F.SilkS) (width 0.12))
    (fp_line (start 1.27 0.84) (end 1.27 2.016) (layer F.SilkS) (width 0.12))
    (fp_line (start 1.31 -2.005) (end 1.31 -0.84) (layer F.SilkS) (width 0.12))
    (fp_line (start 1.31 0.84) (end 1.31 2.005) (layer F.SilkS) (width 0.12))
    (fp_line (start 1.35 -1.994) (end 1.35 -0.84) (layer F.SilkS) (width 0.12))
    (fp_line (start 1.35 0.84) (end 1.35 1.994) (layer F.SilkS) (width 0.12))
    (fp_line (start 1.39 -1.982) (end 1.39 -0.84) (layer F.SilkS) (width 0.12))
    (fp_line (start 1.39 0.84) (end 1.39 1.982) (layer F.SilkS) (width 0.12))
    (fp_line (start 1.43 -1.968) (end 1.43 -0.84) (layer F.SilkS) (width 0.12))
    (fp_line (start 1.43 0.84) (end 1.43 1.968) (layer F.SilkS) (width 0.12))
    (fp_line (start 1.471 -1.954) (end 1.471 -0.84) (layer F.SilkS) (width 0.12))
    (fp_line (start 1.471 0.84) (end 1.471 1.954) (layer F.SilkS) (width 0.12))
    (fp_line (start 1.511 -1.94) (end 1.511 -0.84) (layer F.SilkS) (width 0.12))
    (fp_line (start 1.511 0.84) (end 1.511 1.94) (layer F.SilkS) (width 0.12))
    (fp_line (start 1.551 -1.924) (end 1.551 -0.84) (layer F.SilkS) (width 0.12))
    (fp_line (start 1.551 0.84) (end 1.551 1.924) (layer F.SilkS) (width 0.12))
    (fp_line (start 1.591 -1.907) (end 1.591 -0.84) (layer F.SilkS) (width 0.12))
    (fp_line (start 1.591 0.84) (end 1.591 1.907) (layer F.SilkS) (width 0.12))
    (fp_line (start 1.631 -1.889) (end 1.631 -0.84) (layer F.SilkS) (width 0.12))
